=== Run information ===

Scheme:       weka.classifiers.functions.LibSVM -S 0 -K 0 -D 3 -G 0.0 -R 0.0 -N 0.5 -M 40.0 -C 1.0 -E 0.001 -P 0.1 -model /Users/hvt/Downloads/weka-3-8-0 -seed 1
Relation:     Manli_fce_100-weka.filters.unsupervised.attribute.NumericToBinary-Rfirst-last
Instances:    29444
Attributes:   11
              s_str
              t_str
              st_samestr_binarized
              s_stem
              t_stem
              st_samestem_binarized
              s_pos
              t_pos
              st_precede_binarized
              st_follow_binarized
              class
Test mode:    5-fold cross-validation

=== Classifier model (full training set) ===

LibSVM wrapper, original code by Yasser EL-Manzalawy (= WLSVM)

Time taken to build model: 128.33 seconds

=== Stratified cross-validation ===
=== Summary ===

Correctly Classified Instances       10461               35.5285 %
Incorrectly Classified Instances     18983               64.4715 %
Kappa statistic                          0.3009
Mean absolute error                      0.0177
Root mean squared error                  0.1329
Relative absolute error                 68.3262 %
Root relative squared error            116.9066 %
Total Number of Instances            29444     

=== Detailed Accuracy By Class ===

                 TP Rate  FP Rate  Precision  Recall   F-Measure  MCC      ROC Area  PRC Area  Class
                 0.774    0.004    0.861      0.774    0.815      0.811    0.885     0.674     MP
                 0.350    0.047    0.394      0.350    0.371      0.320    0.651     0.190     RT
                 0.215    0.016    0.371      0.215    0.272      0.259    0.599     0.113     TV
                 0.847    0.002    0.715      0.847    0.776      0.777    0.922     0.607     UT
                 0.319    0.055    0.307      0.319    0.313      0.260    0.632     0.146     RV
                 0.395    0.097    0.325      0.395    0.357      0.274    0.649     0.193     S
                 0.254    0.005    0.508      0.254    0.338      0.350    0.624     0.145     AGV
                 0.094    0.003    0.388      0.094    0.151      0.184    0.546     0.053     RJ
                 0.030    0.004    0.121      0.030    0.048      0.053    0.513     0.019     R
                 0.770    0.002    0.725      0.770    0.747      0.745    0.884     0.560     MA
                 0.840    0.005    0.674      0.840    0.748      0.749    0.918     0.568     MT
                 0.125    0.011    0.325      0.125    0.181      0.181    0.557     0.077     RN
                 0.139    0.006    0.322      0.139    0.194      0.201    0.566     0.063     FN
                 0.272    0.001    0.707      0.272    0.392      0.435    0.635     0.199     IV
                 0.198    0.017    0.340      0.198    0.250      0.234    0.590     0.102     RP
                 0.063    0.003    0.300      0.063    0.104      0.131    0.530     0.036     RA
                 0.102    0.002    0.462      0.102    0.167      0.211    0.550     0.061     RD
                 0.138    0.004    0.350      0.138    0.198      0.211    0.567     0.063     AGN
                 0.184    0.003    0.523      0.184    0.272      0.303    0.590     0.112     FV
                 0.000    0.000    0.000      0.000    0.000      -0.000   0.500     0.001     AGQ
                 0.117    0.002    0.418      0.117    0.183      0.216    0.558     0.061     DJ
                 0.524    0.000    0.647      0.524    0.579      0.582    0.762     0.339     MJ
                 0.469    0.001    0.563      0.469    0.511      0.512    0.734     0.265     UV
                 0.667    0.002    0.613      0.667    0.639      0.637    0.832     0.411     MV
                 0.820    0.004    0.830      0.820    0.825      0.820    0.908     0.685     MD
                 0.313    0.001    0.694      0.313    0.431      0.463    0.656     0.223     DY
                 0.799    0.001    0.869      0.799    0.832      0.832    0.899     0.696     UD
                 0.190    0.002    0.608      0.190    0.289      0.334    0.594     0.128     RY
                 0.738    0.000    0.959      0.738    0.834      0.840    0.869     0.709     DA
                 0.229    0.001    0.442      0.229    0.302      0.317    0.614     0.103     AGD
                 0.120    0.000    0.563      0.120    0.198      0.259    0.560     0.070     DV
                 0.074    0.002    0.409      0.074    0.125      0.168    0.536     0.046     SX
                 0.620    0.002    0.841      0.620    0.714      0.719    0.809     0.526     UP
                 0.690    0.000    0.690      0.690    0.690      0.689    0.845     0.476     UC
                 0.157    0.000    0.538      0.157    0.243      0.290    0.578     0.087     IN
                 0.224    0.001    0.500      0.224    0.310      0.333    0.612     0.116     CN
                 0.235    0.000    0.667      0.235    0.348      0.396    0.618     0.157     IQ
                 0.157    0.000    0.586      0.157    0.248      0.303    0.578     0.095     RQ
                 0.112    0.001    0.492      0.112    0.182      0.231    0.555     0.063     DN
                 0.036    0.001    0.250      0.036    0.063      0.093    0.518     0.014     AGA
                 0.269    0.000    0.789      0.269    0.402      0.460    0.635     0.217     SA
                 0.240    0.000    0.600      0.240    0.343      0.379    0.620     0.145     CQ
                 0.059    0.000    0.235      0.059    0.094      0.117    0.529     0.016     L
                 0.591    0.000    0.703      0.591    0.642      0.644    0.795     0.416     UY
                 0.013    0.000    0.167      0.013    0.024      0.045    0.506     0.007     RC
                 0.456    0.001    0.520      0.456    0.486      0.486    0.728     0.238     MY
                 0.700    0.001    0.547      0.700    0.614      0.618    0.850     0.383     MC
                 0.036    0.001    0.100      0.036    0.053      0.059    0.518     0.005     IJ
                 0.627    0.001    0.712      0.627    0.667      0.667    0.813     0.447     UA
                 0.115    0.000    0.667      0.115    0.197      0.277    0.558     0.078     DD
                 0.684    0.001    0.382      0.684    0.491      0.511    0.841     0.262     UN
                 0.750    0.000    0.600      0.750    0.667      0.671    0.875     0.450     UJ
                 0.000    0.000    0.000      0.000    0.000      0.000    0.500     0.001     X
                 0.582    0.001    0.444      0.582    0.504      0.507    0.790     0.259     MN
                 0.253    0.001    0.465      0.253    0.328      0.342    0.626     0.120     FD
                 0.475    0.000    0.760      0.475    0.585      0.600    0.737     0.362     MQ
                 0.583    0.000    0.778      0.583    0.667      0.673    0.792     0.454     UQ
                 0.000    0.000    0.000      0.000    0.000      -0.000   0.500     0.001     FA
                 0.000    0.000    0.000      0.000    0.000      0.000    0.500     0.000     IY
                 0.000    0.000    0.000      0.000    0.000      0.000    0.500     0.000     M
                 0.163    0.000    0.636      0.163    0.259      0.321    0.581     0.105     FJ
                 0.000    0.000    0.000      0.000    0.000      0.000    0.500     0.000     DQ
                 0.000    0.000    0.000      0.000    0.000      0.000    0.500     0.000     ID
                 0.172    0.000    0.313      0.172    0.222      0.232    0.586     0.055     FY
                 0.000    0.000    0.000      0.000    0.000      -0.000   0.500     0.000     IA
                 0.000    0.000    0.000      0.000    0.000      -0.000   0.500     0.000     DI
                 0.000    0.000    0.000      0.000    0.000      -0.000   0.500     0.000     DT
                 0.000    0.000    0.000      0.000    0.000      0.000    0.500     0.000     CD
                 0.000    0.000    0.000      0.000    0.000      -0.000   0.500     0.000     U
                 0.000    0.000    0.000      0.000    0.000      0.000    0.500     0.000     W
                 0.000    0.000    0.000      0.000    0.000      0.000    0.500     0.000     FQ
                 0.269    0.123    0.205      0.269    0.233      0.130    0.573     0.133     waln
                 0.692    0.261    0.238      0.692    0.355      0.287    0.715     0.198     preserved
Weighted Avg.    0.355    0.062    0.399      0.355    0.340      0.311    0.647     0.195     

=== Confusion Matrix ===

    a    b    c    d    e    f    g    h    i    j    k    l    m    n    o    p    q    r    s    t    u    v    w    x    y    z   aa   ab   ac   ad   ae   af   ag   ah   ai   aj   ak   al   am   an   ao   ap   aq   ar   as   at   au   av   aw   ax   ay   az   ba   bb   bc   bd   be   bf   bg   bh   bi   bj   bk   bl   bm   bn   bo   bp   bq   br   bs   bt   bu   <-- classified as
  740   14    2    0   15   17    3    0    1    8   12    1    1    0    7    0    1    1    0    0    0    1    0    7    9    0    0    0    0    0    0    0    0    0    0    0    0    0    0    0    0    0    0    0    0    5    3    1    0    0    0    0    0    7    0    0    0    0    0    0    0    0    0    0    0    0    0    0    0    0    0   39   61 |    a = MP
    1  826   34    0  129  227   15    5    7    0    0   37   12    1   51   12    5    7    9    0    8    0    0    0    0    2    0    5    0    1    1    8    0    0    0    2    1    0    4    1    1    0    0    0    0    0    0    0    0    0    0    0    0    0    2    0    0    0    0    0    1    0    0    1    0    0    0    0    0    0    0  278  668 |    b = RT
    1   61  268    0  186  116   22    2    3    0    0   10    5    1   18    7    1    2   24    0    3    0    0    0    0    1    0    2    1    2    0    3    0    0    0    1    0    0    2    0    0    0    0    1    0    0    0    0    0    0    0    0    0    0    1    0    0    0    0    0    0    0    0    0    0    0    1    0    0    0    0  167  336 |    c = TV
    0    1    0  171    0    0    0    0    0    0    1    0    0    0    0    0    0    0    0    0    0    0    7    0    0    0    2    0    0    0    0    0    4    1    0    0    0    0    0    0    0    0    0    0    0    0    0    0    1    0    5    1    0    0    0    0    0    0    0    0    0    0    0    0    0    0    0    0    0    0    0    8    0 |    d = UT
    2  119   61    0  666  198   10    8   11    0    0   28    5    3   36    2    5    7    4    0    6    0    0    0    0    3    0    3    0    1    0    7    2    0    0    2    0    0    6    3    1    1    1    0    3    0    0    3    0    0    0    0    0    0    0    0    0    0    0    0    0    0    0    1    0    0    1    0    0    0    0  266  612 |    e = RV
    0  151   48    0  191 1230    9    9    8    0    0   67   22    6   94    6    5   17    3    2   13    0    0    0    0   10    0   13    0    2    3    9    2    0    0    1    0    0    4    0    2    2    1    0    0    0    0    1    0    0    0    0    0    0    7    0    0    0    0    0    2    0    0    0    0    0    0    0    0    0    0  363  812 |    f = S
    0   28   30    0   35   57  158    3    0    0    0    7   15    1    8    1    0    7    3    0    0    0    0    0    0    0    0    0    0    0    0    1    0    0    0    1    0    0    1    2    1    0    0    0    1    0    0    1    0    0    0    0    0    0    0    0    0    0    0    0    0    0    0    1    0    0    0    0    0    0    0   87  174 |    g = AGV
    0   38   12    0   28  104    2   50    3    0    0    8    0    2   15    5    1    0    0    0    2    0    0    0    0    1    0    5    0    0    0    1    0    0    1    1    0    0    1    0    1    1    1    0    1    0    0    1    0    0    0    0    0    0    1    0    0    0    0    0    0    0    0    0    0    0    0    0    0    0    0   68  178 |    h = RJ
    0   42   10    0   38   74    4    2   14    0    0    6    3    2   16    4    6    2    2    0    3    0    0    0    0    0    0    2    0    0    0    3    0    0    0    1    0    4    3    0    0    1    2    0    0    0    0    0    0    0    0    0    0    0    0    0    0    0    0    0    0    0    0    0    0    0    0    0    0    0    0   70  150 |    i = R
   14    0    0    0    0    0    0    0    0  187    3    0    0    0    0    0    0    0    0    0    0    0    0    3    9    0    0    0    0    0    0    0    0    0    0    0    0    0    0    0    0    0    0    0    0    0   10    0    0    0    0    0    0    4    0    0    0    0    0    0    0    0    0    0    0    0    0    0    0    0    0   12    1 |    j = MA
    7    0    0    0    0    0    0    0    0    4  316    0    0    0    0    0    0    0    0    0    0    0    0   10   12    0    0    0    0    0    0    0    0    0    0    0    0    0    0    0    0    0    0    0    0    2    2    0    0    0    0    0    0    7    0    0    0    0    0    0    0    0    0    0    0    0    0    0    0    0    0   16    0 |    k = MT
    1  106   15    0   60  274    8    7    6    0    0  152    9    5   39    3    9    6    7    0    2    0    0    0    0    1    0    3    0    2    0    4    0    0    0    6    0    0    2    0    0    1    3    0    1    0    0    0    0    0    0    0    0    0    4    0    0    0    0    0    0    0    0    1    0    0    0    0    0    0    0  107  372 |    l = RN
    1   31   21    0   29   89   11    2    3    0    0    9   86    0   10    0    2   38    6    0    3    0    0    0    0    0    0    1    0    1    0    0    0    0    1    4    0    0    0    0    1    0    0    0    0    0    0    0    0    0    0    0    0    0    0    0    0    0    0    0    0    0    0    0    0    0    0    0    0    0    0   87  182 |    m = FN
    0   17    8    0   31   33    1    2    2    0    0    3    2   82    3    3    0    1    2    0    0    0    0    0    0    0    0    0    0    0    0    1    0    0    0    0    0    0    0    0    0    0    0    0    0    0    0    0    0    0    0    0    0    0    0    0    0    0    0    0    0    0    0    0    0    0    0    0    0    0    0   28   83 |    n = IV
    2   97    9    0   64  226    7    3    6    0    0   21    8    1  253    7    6    3    4    1    1    0    0    0    0    1    0    4    0    0    1    3    6    0    3    2    0    0    0    0    0    0    2    0    1    0    0    3    0    1    0    0    0    0    1    0    0    0    0    0    0    0    0    2    0    0    0    0    0    0    0  189  342 |    o = RP
    0   31   18    0   42   55    1    6    5    0    0    4    2    0   14   33    4    4    1    0    1    0    0    0    0    1    0    0    0    1    0    0    1    0    0    0    0    4    1    2    0    0    0    0    1    0    0    0    0    0    0    0    0    0    0    0    0    0    0    0    1    0    0    1    0    0    0    0    0    0    0  103  188 |    p = RA
    1   53    5    0   29   68    1    6    2    0    0    8    1    0    9    1   48    0    5    0    1    0    0    0    0    0    0    0    0    1    0    0    0    0    0    1    0    0    0    0    1    0    0    0    0    0    0    1    0    1    0    0    0    0    0    0    0    0    0    0    0    0    0    0    0    0    0    0    0    0    0   76  152 |    q = RD
    0   32    7    0   16   81    9    0    4    0    0    8   45    0    9    1    0   69    1    0    3    0    0    0    0    0    0    2    0    1    0    1    0    0    0    2    1    0    0    0    1    0    0    0    0    0    0    0    0    0    0    0    0    0    0    0    0    1    0    0    0    0    0    0    0    0    0    0    0    0    0   70  137 |    r = AGN
    0   17   40    0   89   39    8    0    3    0    0    7   11    1   12    0    0    3  104    0    0    0    0    0    0    0    0    2    0    0    0    2    0    0    0    4    0    0    3    1    0    0    1    0    0    0    0    0    0    0    0    0    0    0    1    0    0    0    0    0    0    0    0    0    0    0    0    0    0    0    0   65  152 |    s = FV
    0    4    0    0    3    6    0    0    0    0    0    0    1    0    0    0    0    0    0    0    0    0    0    0    0    0    0    0    0    1    0    0    0    0    0    0    0    0    0    0    0    0    0    0    0    0    0    0    0    0    0    0    0    0    0    0    0    0    0    0    0    0    0    0    0    0    0    0    0    0    0   10    7 |    t = AGQ
    0   16   13    0   21   99    2    2    1    0    0    3    2    0    8    1    0    2    3    0   46    0    0    0    0    4    0    0    0    0    0    0    0    0    0    0    0    0    0    1    1    0    0    0    0    0    0    0    0    0    0    0    0    0    2    0    0    0    0    0    0    0    0    0    0    0    0    0    0    0    0   57  108 |    u = DJ
    1    0    0    0    0    0    0    0    0    0    0    0    0    0    0    0    0    0    0    0    0   11    0    0    5    0    0    0    0    0    0    0    0    0    0    0    0    0    0    0    0    0    0    0    0    0    0    0    0    0    0    0    0    0    0    0    0    0    0    0    0    0    0    0    0    0    0    0    0    0    0    4    0 |    v = MJ
    0    0    2    5    1    1    0    0    0    0    0    0    0    0    1    0    0    0    0    0    0    0   45    0    0    0    1    0    0    0    0    0    1    1    0    0    0    0    0    0    0    0    0    1    0    0    0    0    2    0    5    2    0    0    0    0    0    0    0    0    0    0    0    0    0    0    0    0    0    0    0   18   10 |    w = UV
    6    0    0    0    0    0    0    0    0    8    7    0    0    0    0    0    0    0    0    0    0    1    0  114    9    0    0    0    0    0    0    0    0    0    0    0    0    0    0    0    0    0    0    0    0    1    2    0    0    0    0    0    0    1    0    0    0    0    0    0    0    0    0    0    0    0    0    0    0    0    0   20    2 |    x = MV
   11    0    0    0    0    0    0    0    0   12   61    0    0    0    0    0    0    0    0    0    0    1    0   21  600    0    0    0    0    0    0    0    0    0    0    0    0    0    0    0    0    0    0    0    0    5    2    0    0    0    0    0    0    5    0    1    0    0    0    0    0    0    0    0    0    0    0    0    0    0    0   12    1 |    y = MD
    0    9    3    0   18   58    0    1    1    0    0    2    0    2    5    1    0    0    2    0    3    0    0    0    0   86    0    2    0    0    0    0    0    0    0    0    0    0    0    0    0    0    0    0    0    0    0    0    0    0    0    0    0    0    0    0    0    0    0    0    0    0    0    0    0    0    0    0    0    0    0   21   61 |    z = DY
    0    0    0   17    0    0    0    0    0    0    0    0    0    0    0    0    0    0    0    0    0    0    5    0    0    0  159    0    0    0    0    0    3    1    0    0    0    0    0    0    0    0    0    2    0    0    0    0    2    0    5    1    0    0    0    0    1    0    0    0    0    0    0    0    0    0    0    0    0    0    0    3    0 |   aa = UD
    0   32   15    0   34   63    3    1    5    0    0    3    1    2    6    2    0    2    3    0    3    0    0    0    0    5    0   87    0    0    0    0    1    0    0    0    0    0    0    0    0    0    1    0    0    0    0    0    0    0    0    0    0    0    0    0    0    0    0    0    0    0    0    3    0    0    0    0    0    0    0   62  125 |   ab = RY
    0    5    2    0    1    1    0    0    0    0    0    0    0    0    3    0    0    1    0    0    1    0    0    0    0    0    0    0  118    0    0    0    0    0    0    0    0    0    0    1    0    0    0    0    0    0    0    0    0    0    0    0    0    0    0    0    0    0    0    0    0    0    0    0    2    0    0    0    0    0    0    9   16 |   ac = DA
    0    6    2    0    4    8    0    0    0    0    0    0    1    0    1    1    1    0    0    0    0    0    0    0    0    0    0    0    0   19    0    0    0    0    0    0    0    0    0    1    0    0    0    0    0    0    0    0    0    0    0    0    0    0    0    0    0    0    0    0    0    0    0    0    0    0    0    0    0    0    0   15   24 |   ad = AGD
    0    2    1    0   10   16    0    0    0    0    0    0    0    0    3    0    0    0    0    0    0    0    0    0    0    0    0    0    0    0    9    0    0    0    0    0    0    0    0    0    1    0    0    0    0    0    0    0    0    0    0    0    0    0    0    0    0    0    0    0    0    0    0    0    0    0    0    0    0    0    0    7   26 |   ae = DV
    0   34    9    0   53   93    2    2    3    0    0   12    1    0   14    7    0    2    0    0    3    0    0    0    0    0    0    1    0    0    0   38    0    0    0    0    0    0    1    0    0    0    0    0    0    0    0    2    0    0    0    0    0    0    0    0    0    0    0    0    0    0    0    0    0    0    0    0    0    0    0   75  164 |   af = SX
    0   11    3    5    6   19    1    1    0    0    0    1    1    0   15    2    0    2    0    0    0    0    1    0    0    0    2    0    0    0    0    0  233    0    1    0    0    0    1    0    0    0    0    0    0    0    0    1    1    0    1    1    0    0    0    0    0    0    0    0    0    0    0    0    0    0    0    0    0    0    0   27   40 |   ag = UP
    0    0    0    4    0    0    0    0    0    0    0    0    0    0    0    0    0    0    0    0    0    0    0    0    0    0    0    0    0    0    0    0    0   20    0    0    0    0    0    0    0    0    0    1    0    0    0    0    0    0    2    0    0    0    0    0    0    0    0    0    0    0    0    0    0    0    0    0    0    0    0    2    0 |   ah = UC
    1    4    0    0    1   15    1    1    0    0    0    1   11    0    2    0    0    3    0    0    0    0    0    0    0    0    0    0    0    0    0    0    0    0   14    1    0    0    0    1    0    0    0    0    0    0    0    0    0    0    0    0    0    0    0    0    0    0    0    0    0    0    0    0    0    0    0    0    0    0    0   11   22 |   ai = IN
    0    8    6    0    8   14    4    0    1    0    0    6    1    0    3    0    0    1    0    0    1    0    0    0    0    0    0    0    0    0    0    0    0    0    0   33    0    0    0    0    0    0    0    0    0    0    0    0    0    0    0    0    0    0    0    0    0    0    0    0    0    0    0    0    0    0    0    0    0    0    0   29   32 |   aj = CN
    0    1    2    0    1    2    0    0    0    0    0    0    0    0    1    0    0    0    0    0    0    0    0    0    0    0    0    0    0    0    0    0    0    0    0    0    4    0    0    0    0    0    0    0    0    0    0    0    0    0    0    0    0    0    0    0    0    0    0    0    0    0    0    0    0    0    0    0    0    0    0    3    3 |   ak = IQ
    1    6    1    0    8    6    1    0    2    0    0    2    0    0    3    1    0    1    0    1    0    0    0    0    0    0    0    0    0    0    0    0    0    0    0    0    0   17    0    0    0    1    0    0    0    0    0    0    0    0    0    0    0    0    0    0    0    0    0    0    0    0    0    0    0    0    0    0    0    0    0   28   29 |   al = RQ
    1   14   11    0   13   61    2    1    1    0    0    8    0    0    3    0    0    1    2    0    0    0    0    0    0    0    0    0    0    0    0    0    0    0    1    1    0    0   29    1    1    0    0    0    0    0    0    0    0    0    0    0    0    0    0    0    0    0    0    0    0    0    0    0    0    0    0    0    0    0    0   37   72 |   am = DN
    0    7    0    0   17   20    1    0    1    0    0    0    0    0    5    1    0    0    0    0    0    0    0    0    0    0    0    1    0    4    0    0    0    0    1    0    0    0    1    5    0    0    0    0    0    0    0    0    0    0    0    0    0    0    0    0    0    0    0    0    0    0    0    0    0    0    0    0    0    0    0   22   53 |   an = AGA
    0    7    0    0    7   29    0    2    0    0    0    1    0    0    3    0    0    2    0    0    1    0    0    0    0    0    0    0    0    0    1    0    0    0    0    0    0    0    0    0   45    0    0    0    0    0    0    0    0    0    0    0    0    0    0    0    0    0    0    0    0    0    0    0    0    0    0    0    0    0    0   15   54 |   ao = SA
    0    2    1    0    7    5    0    0    2    0    0    3    0    0    0    0    0    0    0    0    0    0    0    0    0    0    0    0    0    0    0    0    0    0    0    0    0    0    0    0    0   12    0    0    0    0    0    0    0    0    0    0    0    0    0    0    0    0    0    0    0    0    0    0    0    0    0    0    0    0    0    7   11 |   ap = CQ
    0    6    1    0    4    9    0    1    1    0    0    1    0    0    3    0    0    3    0    0    0    0    0    0    0    0    0    2    0    0    0    0    0    0    0    0    0    0    0    0    0    0    4    0    0    0    0    0    0    1    0    0    0    0    0    0    0    0    0    0    0    0    0    0    0    0    0    0    0    0    0    7   25 |   aq = L
    0    1    0    3    1    0    0    0    0    0    0    0    0    0    0    0    0    0    0    0    0    0    2    0    0    0    1    0    0    0    0    0    0    0    0    0    0    0    0    0    0    0    0   26    0    0    0    0    0    0    4    0    0    0    0    0    0    0    0    0    0    0    0    0    0    0    0    0    0    0    0    5    1 |   ar = UY
    0    8    3    0   12   17    2    0    3    0    0    2    2    0    4    3    0    0    1    0    0    0    0    0    0    0    0    0    0    0    0    1    0    0    0    0    0    0    0    0    0    0    0    0    2    0    0    1    0    0    0    0    0    0    0    0    0    0    0    0    0    0    0    0    0    0    0    0    0    0    0   34   61 |   as = RC
    0    0    0    0    1    0    0    0    0    4    8    0    0    0    0    0    0    0    0    0    0    0    0    0    1    0    0    0    0    0    0    0    0    0    0    0    0    0    0    0    0    0    0    0    0   26    4    0    0    0    0    0    0    0    0    2    0    0    0    0    0    0    0    0    0    0    0    0    0    0    0    9    2 |   at = MY
    2    0    0    0    0    0    0    0    0    1    1    0    0    0    0    0    0    0    0    0    0    0    0    1    3    0    0    0    0    0    0    0    0    0    0    0    0    0    0    0    0    0    0    0    0    3   35    0    0    0    0    0    0    1    0    0    0    0    0    0    0    0    0    0    0    0    0    0    0    0    0    3    0 |   au = MC
    0    5    2    0    5   14    2    1    0    0    0    0    0    0    2    0    1    0    0    0    0    0    0    0    0    0    0    0    0    0    0    0    0    0    0    0    0    0    0    0    0    0    0    0    0    0    0    2    0    0    0    0    0    0    0    0    0    0    0    0    0    0    0    0    0    0    0    0    0    0    0   11   11 |   av = IJ
    0    1    0    2    1    0    1    0    0    0    0    0    0    0    0    0    0    0    0    0    0    0    2    0    0    0    1    0    0    0    0    0    1    4    0    0    0    0    0    0    0    0    0    0    0    0    0    0   37    0    4    1    0    0    0    0    1    0    0    0    0    0    0    0    0    0    0    0    1    0    0    2    0 |   aw = UA
    0    5    1    0    3    9    1    1    0    0    0    0    0    0    1    0    0    0    0    0    0    0    0    0    0    0    0    0    1    0    0    1    0    0    0    0    0    0    0    0    0    0    0    0    0    0    0    0    0    6    0    0    0    0    0    0    0    0    0    0    0    0    0    0    0    0    0    0    0    0    0   10   13 |   ax = DD
    0    0    0    1    0    0    0    0    0    0    0    0    0    0    0    0    0    0    0    0    0    0    3    0    0    0    2    0    0    0    0    0    0    1    0    0    0    0    0    0    0    0    0    0    0    0    0    0    0    0   26    1    0    0    0    0    0    0    0    0    0    0    0    0    0    0    0    0    0    0    0    4    0 |   ay = UN
    0    0    0    0    0    0    0    0    0    0    0    0    0    0    0    0    0    0    0    0    0    0    1    0    0    0    1    0    0    0    0    0    0    0    0    0    0    0    0    0    0    0    0    2    0    0    0    0    0    0    1   18    0    0    0    0    0    0    0    0    0    0    0    0    0    0    0    0    0    0    0    1    0 |   az = UJ
    1    0    0    0    0    3    1    0    0    0    0    0    0    0    0    0    0    0    0    0    0    0    0    0    0    0    0    0    0    0    0    0    0    0    0    0    0    1    0    0    0    0    0    0    0    0    0    0    0    0    0    0    0    0    0    0    0    0    0    0    0    0    0    0    0    0    0    0    0    0    0    4    8 |   ba = X
    2    0    0    0    0    0    0    0    0    0    9    0    0    0    0    0    0    0    0    0    0    0    0    1    1    0    0    0    0    0    0    0    0    0    0    0    0    0    0    0    0    0    0    0    0    1    0    0    0    0    0    0    0   32    0    0    0    0    0    0    0    0    0    0    0    0    0    0    0    0    0    9    0 |   bb = MN
    0    5    1    0    6   10    0    0    1    0    0    1    0    1    0    0    0    0    0    0    0    0    0    0    0    1    0    0    1    0    0    0    0    0    0    0    0    0    0    0    0    0    0    0    0    0    0    0    0    0    0    0    0    0   20    0    0    0    0    0    0    0    0    0    0    0    0    0    0    0    0   12   20 |   bc = FD
    1    0    0    0    0    0    0    0    0    3    4    0    0    0    0    0    0    0    0    0    0    1    0    0    3    0    0    0    0    0    0    0    0    0    0    0    0    0    0    0    0    0    0    0    0    2    0    0    0    0    0    0    0    0    0   19    0    0    0    0    0    0    0    0    0    0    0    0    0    0    0    7    0 |   bd = MQ
    0    0    0    0    0    0    0    0    0    0    0    0    0    0    0    0    0    0    0    0    0    0    1    0    0    0    1    0    0    0    0    0    0    0    0    0    0    0    0    0    0    0    0    0    0    0    0    0    1    0    2    0    0    0    0    0    7    0    0    0    0    0    0    0    0    0    0    0    0    0    0    0    0 |   be = UQ
    0    0    2    0    1    0    0    0    0    0    0    0    0    0    0    0    0    0    0    0    0    0    0    0    0    0    0    0    0    1    0    0    0    0    0    0    0    0    0    0    0    0    0    0    0    0    0    0    0    0    0    0    0    0    0    0    0    0    0    0    0    0    0    0    0    0    0    0    0    0    0    3   10 |   bf = FA
    0    0    0    0    0    1    0    0    0    0    0    0    0    0    0    0    0    0    0    0    0    0    0    0    0    0    0    0    0    0    0    0    0    0    0    0    0    0    0    0    0    0    0    0    0    0    0    0    0    0    0    0    0    0    0    0    0    0    0    0    0    0    0    0    0    0    0    0    0    0    0    0    0 |   bg = IY
    1    0    0    0    0    0    0    0    0    1    0    0    0    0    0    0    0    0    0    0    0    0    0    0    0    0    0    0    0    0    0    0    0    0    0    0    0    0    0    0    0    0    0    0    0    0    0    0    0    0    0    0    0    0    0    0    0    0    0    0    0    0    0    0    0    0    0    0    0    0    0    2    0 |   bh = M
    0    3    2    0    1   12    1    0    1    0    0    0    0    0    0    1    0    0    0    0    0    0    0    0    0    0    0    1    0    0    0    0    0    0    1    0    0    0    0    0    0    0    0    0    0    0    0    0    0    0    0    0    0    0    0    0    0    0    0    0    7    0    0    0    0    0    0    0    0    0    0    6    7 |   bi = FJ
    0    1    0    0    0    1    0    0    0    0    0    0    0    0    0    0    0    0    0    0    0    0    0    0    0    0    0    0    0    0    0    0    0    0    0    0    0    0    0    0    0    0    0    0    0    0    0    0    0    0    0    0    0    0    0    0    0    0    0    0    0    0    0    0    0    0    0    0    0    0    0    0    2 |   bj = DQ
    0    1    0    0    1    0    0    0    0    0    0    0    0    0    0    0    0    0    0    0    0    0    0    0    0    0    0    0    0    0    0    0    0    0    0    0    0    0    0    0    0    0    0    0    0    0    0    0    0    0    0    0    0    0    0    0    0    0    0    0    0    0    0    0    0    0    0    0    0    0    0    0    0 |   bk = ID
    0    2    0    0    1    4    0    0    0    0    0    0    0    0    2    0    0    0    0    0    0    0    0    0    0    1    0    2    0    0    0    0    0    0    0    0    0    0    0    0    0    0    0    0    0    0    0    0    0    0    0    0    0    0    0    0    0    0    0    0    0    0    0    5    0    0    0    0    0    0    0    3    9 |   bl = FY
    0    0    0    0    3    1    0    0    0    0    0    0    0    0    1    0    0    0    0    0    0    0    0    0    0    0    0    0    1    0    0    0    0    0    0    0    0    0    0    0    0    0    0    0    0    0    0    0    0    0    0    0    0    0    0    0    0    0    0    0    0    0    0    0    0    0    0    0    0    0    0    0    1 |   bm = IA
    0    0    0    0    1    1    0    0    0    0    0    0    0    0    0    0    0    0    0    0    0    0    0    0    0    0    0    0    0    1    0    0    0    0    0    0    0    0    0    0    0    0    1    0    0    0    0    0    0    0    0    0    0    0    0    0    0    0    0    0    0    0    0    0    0    0    0    0    0    0    0    0    2 |   bn = DI
    0    1    0    0    1    0    0    0    0    0    0    0    0    0    0    0    0    0    0    0    0    0    0    0    0    0    0    0    0    0    0    0    0    0    0    0    0    0    0    0    0    0    0    0    0    0    0    0    0    0    0    0    0    0    0    0    0    0    0    0    0    0    0    0    0    0    0    0    0    0    0    1    1 |   bo = DT
    0    0    0    0    0    0    0    0    0    0    0    0    0    0    0    0    0    0    0    0    0    0    0    0    0    0    0    0    0    1    0    0    0    0    0    0    0    0    0    0    0    0    0    0    0    0    0    0    0    0    0    0    0    0    0    0    0    0    0    0    0    0    0    0    0    0    0    0    0    0    0    1    2 |   bp = CD
    0    0    0    0    0    0    0    0    0    0    0    0    0    0    0    0    0    0    0    0    0    0    1    0    0    0    0    0    0    0    0    0    0    0    0    0    0    0    0    0    0    0    0    0    0    0    0    0    1    0    2    0    0    0    0    0    0    0    0    0    0    0    0    0    0    0    0    0    0    0    0    0    0 |   bq = U
    0    0    0    0    0    0    0    0    0    0    0    1    0    0    0    0    0    0    0    0    0    0    0    0    0    0    0    0    0    0    0    0    0    0    0    0    0    0    0    0    0    0    0    0    0    0    0    0    0    0    0    0    0    0    0    0    0    0    0    0    0    0    0    0    0    0    0    0    0    0    0    0    0 |   br = W
    0    0    0    0    0    0    0    0    0    0    0    0    0    0    0    0    0    0    0    0    0    0    0    0    0    0    0    0    0    0    0    0    0    0    0    0    0    0    0    0    0    0    0    0    0    0    0    0    0    0    0    0    0    0    0    0    0    0    0    0    0    0    0    0    0    0    0    0    0    0    0    0    1 |   bs = FQ
   57  130   30   31  155  183   12    6    6   30   47   28   13    4   38    4    3    9    7    1    2    2   12   29   71    3   13    5    1    3    0    6   22    1    1    2    0    2    0    0    0    1    0    4    2    5    6    3    7    0   11    5    0   15    1    3    0    1    0    0    0    0    0    0    0    0    0    0    0    0    0  837 1245 |   bt = waln
    4   95   22    0  109  111    5    4    9    0    0   16    6    2   23    1    6    1    6    1    4    0    0    0    0    4    0    0    0    1    1    4    1    0    2    1    0    1    0    1    0    0    0    0    0    0    0    0    0    0    0    0    0    0    3    0    0    1    0    0    0    0    0    1    0    1    0    0    0    0    0  513 2155 |   bu = preserved

