=== Run information ===

Scheme:       weka.classifiers.functions.LibSVM -S 0 -K 0 -D 3 -G 0.0 -R 0.0 -N 0.5 -M 40.0 -C 1.0 -E 0.001 -P 0.1 -model /Users/hvt/Downloads/weka-3-8-0 -seed 1
Relation:     Meteor_fce_100-weka.filters.unsupervised.attribute.NumericToBinary-Rfirst-last
Instances:    21124
Attributes:   11
              s_str
              t_str
              st_samestr_binarized
              s_stem
              t_stem
              st_samestem_binarized
              s_pos
              t_pos
              st_precede_binarized
              st_follow_binarized
              class
Test mode:    5-fold cross-validation

=== Classifier model (full training set) ===

LibSVM wrapper, original code by Yasser EL-Manzalawy (= WLSVM)

Time taken to build model: 22.83 seconds

=== Stratified cross-validation ===
=== Summary ===

Correctly Classified Instances       17662               83.6111 %
Incorrectly Classified Instances      3462               16.3889 %
Kappa statistic                          0.8268
Mean absolute error                      0.0046
Root mean squared error                  0.0679
Relative absolute error                 17.315  %
Root relative squared error             58.8523 %
Total Number of Instances            21124     

=== Detailed Accuracy By Class ===

                 TP Rate  FP Rate  Precision  Recall   F-Measure  MCC      ROC Area  PRC Area  Class
                 0.990    0.004    0.962      0.990    0.976      0.973    0.993     0.953     MP
                 0.815    0.007    0.841      0.815    0.828      0.820    0.904     0.694     TV
                 0.960    0.006    0.874      0.960    0.915      0.912    0.977     0.841     UT
                 0.813    0.004    0.832      0.813    0.822      0.818    0.905     0.681     MV
                 0.912    0.004    0.885      0.912    0.898      0.895    0.954     0.809     MA
                 0.893    0.003    0.860      0.893    0.876      0.874    0.945     0.770     AGV
                 0.988    0.004    0.961      0.988    0.975      0.972    0.992     0.951     MD
                 0.843    0.002    0.840      0.843    0.842      0.840    0.921     0.710     RJ
                 0.972    0.002    0.954      0.972    0.962      0.961    0.985     0.928     UD
                 0.880    0.001    0.893      0.880    0.886      0.886    0.940     0.786     MQ
                 0.713    0.010    0.567      0.713    0.632      0.629    0.852     0.410     FN
                 0.964    0.004    0.907      0.964    0.935      0.932    0.980     0.876     UP
                 0.919    0.005    0.862      0.919    0.890      0.887    0.957     0.795     RV
                 0.962    0.008    0.854      0.962    0.905      0.902    0.977     0.823     MT
                 0.754    0.000    0.977      0.754    0.851      0.858    0.877     0.739     RP
                 0.368    0.000    0.824      0.368    0.509      0.550    0.684     0.305     MJ
                 0.798    0.003    0.823      0.798    0.810      0.807    0.898     0.660     UV
                 0.509    0.004    0.654      0.509    0.573      0.572    0.753     0.341     AGN
                 0.308    0.001    0.593      0.308    0.405      0.426    0.654     0.184     R
                 0.844    0.002    0.705      0.844    0.768      0.769    0.921     0.595     UC
                 0.992    0.000    0.992      0.992    0.992      0.992    0.996     0.984     DA
                 0.684    0.003    0.791      0.684    0.733      0.731    0.840     0.546     S
                 0.475    0.001    0.832      0.475    0.605      0.626    0.737     0.401     UN
                 0.745    0.003    0.748      0.745    0.747      0.743    0.871     0.561     UY
                 0.671    0.003    0.715      0.671    0.692      0.689    0.834     0.483     MY
                 0.875    0.000    0.966      0.875    0.918      0.919    0.937     0.845     FJ
                 0.837    0.007    0.759      0.837    0.796      0.791    0.915     0.640     FV
                 0.614    0.000    1.000      0.614    0.761      0.783    0.807     0.614     DV
                 0.860    0.002    0.783      0.860    0.820      0.820    0.929     0.675     RY
                 0.771    0.003    0.700      0.771    0.734      0.732    0.884     0.542     DJ
                 0.849    0.008    0.633      0.849    0.725      0.728    0.920     0.539     RN
                 0.784    0.003    0.818      0.784    0.801      0.798    0.891     0.645     UA
                 0.889    0.000    0.800      0.889    0.842      0.843    0.944     0.711     CQ
                 0.782    0.000    0.963      0.782    0.863      0.868    0.891     0.755     SA
                 0.759    0.001    0.779      0.759    0.769      0.768    0.879     0.593     DY
                 0.798    0.000    0.968      0.798    0.875      0.878    0.899     0.774     CN
                 0.457    0.003    0.601      0.457    0.520      0.521    0.727     0.280     MN
                 0.866    0.003    0.770      0.866    0.815      0.815    0.932     0.669     MC
                 0.538    0.000    0.863      0.538    0.663      0.680    0.769     0.467     IV
                 0.190    0.000    0.444      0.190    0.267      0.291    0.595     0.085     U
                 0.730    0.000    0.900      0.730    0.806      0.810    0.865     0.657     IJ
                 0.547    0.001    0.732      0.547    0.626      0.632    0.773     0.402     UJ
                 0.800    0.000    0.839      0.800    0.819      0.819    0.900     0.672     IN
                 0.667    0.001    0.727      0.667    0.696      0.696    0.833     0.486     UQ
                 0.575    0.003    0.570      0.575    0.573      0.570    0.786     0.330     DN
                 0.200    0.000    0.250      0.200    0.222      0.223    0.600     0.050     X
                 0.600    0.000    0.429      0.600    0.500      0.507    0.800     0.257     AGD
                 0.440    0.000    0.647      0.440    0.524      0.533    0.720     0.285     L
                 0.894    0.000    0.857      0.894    0.875      0.875    0.947     0.766     RA
                 0.867    0.000    0.650      0.867    0.743      0.750    0.933     0.563     DD
                 0.444    0.000    0.667      0.444    0.533      0.544    0.722     0.297     RQ
                 0.789    0.000    1.000      0.789    0.882      0.888    0.895     0.790     RT
                 0.000    0.000    0.000      0.000    0.000      -0.000   0.500     0.000     DT
                 0.111    0.000    0.200      0.111    0.143      0.149    0.555     0.023     AGA
                 0.526    0.000    0.833      0.526    0.645      0.662    0.763     0.439     SX
                 0.000    0.000    0.000      0.000    0.000      0.000    0.500     0.000     IY
                 0.333    0.000    0.429      0.333    0.375      0.378    0.667     0.143     M
                 1.000    0.000    0.857      1.000    0.923      0.926    1.000     0.857     IQ
                 0.333    0.000    0.500      0.333    0.400      0.408    0.667     0.167     FA
                 0.167    0.000    0.250      0.167    0.200      0.204    0.583     0.042     RC
                 0.000    0.000    0.000      0.000    0.000      -0.000   0.500     0.000     ID
                 0.400    0.000    0.667      0.400    0.500      0.516    0.700     0.267     FY
                 0.667    0.000    0.800      0.667    0.727      0.730    0.833     0.533     IA
                 0.500    0.000    1.000      0.500    0.667      0.707    0.750     0.500     W
                 0.000    0.000    0.000      0.000    0.000      0.000    0.500     0.000     DI
                 0.000    0.000    0.000      0.000    0.000      -0.000   0.500     0.000     RD
                 0.000    0.000    0.000      0.000    0.000      0.000    0.500     0.000     AGQ
                 0.000    0.000    0.000      0.000    0.000      0.000    0.500     0.000     FQ
                 0.000    0.000    0.000      0.000    0.000      0.000    0.500     0.000     AG
                 0.496    0.043    0.564      0.496    0.528      0.480    0.727     0.330     waln
                 0.942    0.007    0.934      0.942    0.938      0.931    0.967     0.886     preserved
Weighted Avg.    0.836    0.008    0.832      0.836    0.831      0.824    0.914     0.724     

=== Confusion Matrix ===

    a    b    c    d    e    f    g    h    i    j    k    l    m    n    o    p    q    r    s    t    u    v    w    x    y    z   aa   ab   ac   ad   ae   af   ag   ah   ai   aj   ak   al   am   an   ao   ap   aq   ar   as   at   au   av   aw   ax   ay   az   ba   bb   bc   bd   be   bf   bg   bh   bi   bj   bk   bl   bm   bn   bo   bp   bq   br   bs   <-- classified as
 2095    0    0    0    0    0    0    0    0    0    0    0    0    2    0    0    0    1    0    0    0    0    0    0    0    0    0    0    0    1    8    0    0    0    0    0    0    0    0    0    0    0    0    0    0    0    0    0    0    0    0    0    0    0    0    0    0    0    0    0    0    0    0    0    0    0    0    0    0   10    0 |    a = MP
    1  782    0    0    0   22    0    1    0    0    0    0   18    0    0    0    0    1    0    0    0    7    0    0    0    0   92    0    0   16    1    0    0    0    0    0    0    0    3    0    0    0    0    0    5    0    0    0    0    0    0    0    0    0    0    0    0    0    0    0    0    0    0    0    0    0    0    0    0   10    0 |    b = TV
    0    0  807    0    0    0    0    0    1    0    0    1    0    1    0    0    2    0    0    0    0    0    0    7    0    0    0    0    0    0    0    2    0    0    0    0    0    0    0    0    0    0    0    0    0    0    0    0    0    0    0    0    0    0    0    0    0    0    0    0    0    0    0    0    0    0    0    0    0   20    0 |    c = UT
    1    0    0  391    0    0    0    0    0    0    0    0    0    9    0    0    0    0    0    0    0    0    0    0    0    0    0    0    0    0    0    0    0    0    0    0    7    0    0    0    0    0    0    0    0    0    0    0    0    0    0    0    0    0    0    0    0    0    0    0    0    0    0    0    0    0    0    0    0   73    0 |    d = MV
    0    0    0    0  629    0    1    0    0    0    0    0    0    0    0    0    0    0    0    0    0    0    0    0    9    0    0    0    0    0    0    0    0    0    0    0    0   27    0    0    0    0    0    0    0    0    0    0    0    0    0    0    0    0    0    0    0    0    0    0    0    0    0    0    0    0    0    0    0   24    0 |    e = MA
    0    4    0    0    0  351    0    1    0    0   29    0    0    0    0    0    0    1    0    0    0    0    0    0    0    0    4    0    0    0    1    0    0    0    0    0    0    0    0    0    1    0    0    0    1    0    0    0    0    0    0    0    0    0    0    0    0    0    0    0    0    0    0    0    0    0    0    0    0    0    0 |    f = AGV
    0    0    0    0   13    0 1790    0    0    1    0    0    0    0    0    0    0    0    0    0    0    0    0    0    0    0    0    0    0    0    0    0    0    0    0    0    0    1    0    0    0    0    0    0    0    0    0    0    0    0    0    0    0    0    0    0    0    0    0    0    0    0    0    0    0    0    0    0    0    6    0 |    g = MD
    0    1    0    0    0    0    0  226    0    0    0    0    6    0    0    0    0    0    2    0    0    2    0    0    0    1    2    0    1   17    3    0    0    1    0    0    0    0    0    0    0    0    0    0    2    0    0    3    0    0    0    0    0    0    0    0    0    0    0    0    0    0    0    0    0    0    0    0    0    1    0 |    h = RJ
    0    0    0    0    0    0    0    0  923    0    0    0    0    0    0    0    0    0    0    1    0    0    0    1    0    0    0    0    0    0    0    5    0    0    0    0    0    0    0    0    0    0    0    5    0    0    0    0    0    0    0    0    0    0    0    0    0    0    0    0    0    0    0    0    0    0    0    0    0   15    0 |    i = UD
    0    0    0    0    2    0    0    0    0  117    0    0    0    0    0    0    0    0    0    0    0    0    0    0    6    0    0    0    0    0    0    0    0    0    0    0    0    0    0    0    0    0    0    0    0    0    0    0    0    0    0    0    0    0    0    0    0    0    0    0    0    0    0    0    0    0    0    0    0    8    0 |    j = MQ
    0    0    0    0    0    8    0    1    0    0  266    1    0    0    0    0    0   76    0    0    0    3    0    0    0    0    0    0    0    3   11    0    0    0    0    2    0    0    0    0    1    0    0    0    0    0    0    0    0    0    0    0    0    1    0    0    0    0    0    0    0    0    0    0    0    0    0    0    0    0    0 |    k = FN
    0    0    0    0    0    0    0    0    0    0    2  864    0    0    1    0    0    0    0    0    0    0    0    0    0    0    0    0    0    0    5    0    0    0    0    0    0    0    0    1    0    0    0    0    0    0    0    0    0    1    0    0    0    0    0    0    0    0    0    0    0    0    0    0    0    0    0    0    0   22    0 |    l = UP
    0   12    0    0    0    1    0    7    0    0    0    0  627    0    0    0    0    0    1    0    0    4    0    0    0    0    2    0    0    4   15    0    0    0    0    0    0    0    0    0    0    0    0    0    5    0    0    0    0    0    0    0    0    0    0    0    0    0    0    0    0    0    0    0    0    0    0    0    0    4    0 |    m = RV
    0    0    0    9    1    0    2    0    0    0    0    0    0  946    0    0    0    0    0    0    0    0    0    0    4    0    0    0    0    0    0    0    0    0    0    0    0    0    0    0    0    0    0    0    0    0    0    0    0    0    0    0    0    0    0    0    1    0    0    0    0    0    0    0    0    0    0    0    0   20    0 |    n = MT
    5    0    0    0    0    0    0    0    0    0    0   18    0    0   86    0    0    0    0    0    0    1    0    0    0    0    0    0    1    0    1    0    0    0    0    0    0    0    0    0    0    0    0    0    0    0    0    0    0    0    0    0    0    0    0    0    0    0    0    0    0    0    0    0    0    0    0    0    0    2    0 |    o = RP
    0    0    0    1    0    0    0    0    0    0    0    0    0    0    0   14    0    0    0    0    0    0    0    0    0    0    0    0    0    0    0    0    0    0    0    0    0    0    0    0    0    0    0    0    0    0    0    0    0    0    0    0    0    0    0    0    0    0    0    0    0    0    0    0    0    0    0    0    0   23    0 |    p = MJ
    0    0    1    0    0    0    0    0    0    0    0    4    0    0    0    0  269    0    0    0    0    0    2    4    0    0    0    0    0    0    0    0    0    0    0    0    0    0    0    0    0    2    0    0    0    0    0    0    0    0    0    0    0    0    0    0    0    0    0    0    0    0    0    0    0    0    0    0    0   55    0 |    q = UV
    2    0    0    0    0    3    0    0    0    0  134    0    0    0    0    0    0  161    0    0    0    4    0    0    0    0    1    0    0    1    9    0    0    0    0    0    0    0    0    0    0    0    0    0    1    0    0    0    0    0    0    0    0    0    0    0    0    0    0    0    0    0    0    0    0    0    0    0    0    0    0 |    r = AGN
    0    2    0    0    0    0    0    3    0    0    0    0    2    0    0    0    0    0   16    0    0    0    0    0    0    0    1    0   10    2    1    0    1    0    3    0    0    0    0    0    0    0    0    0    4    0    0    0    0    0    0    0    0    0    0    0    0    0    0    1    0    0    0    0    0    0    0    0    0    6    0 |    s = R
    0    0    7    0    0    0    0    0    1    0    0    0    0    0    0    0    0    0    0  124    0    0    0    4    0    0    0    0    0    0    0    0    0    0    0    0    0    0    0    0    0    0    0    0    0    0    0    0    0    0    0    0    0    0    0    0    0    0    0    0    0    0    0    0    0    0    0    0    0   11    0 |    t = UC
    0    0    0    0    0    0    0    0    0    0    0    0    0    0    0    0    0    0    0    0  124    0    0    0    0    0    0    0    0    0    0    0    0    0    0    0    0    0    0    0    0    0    0    0    0    0    0    0    1    0    0    0    0    0    0    0    0    0    0    0    0    0    0    0    0    0    0    0    0    0    0 |    u = DA
    1    1    0    0    0    3    0    0    0    0    3    0   16    0    1    0    0    2    0    0    0  242    0    0    0    0    1    0    3   14   52    0    0    0    3    0    0    0    3    0    0    0    5    0    2    0    0    0    0    0    0    0    0    0    0    0    0    0    0    0    0    0    1    0    0    0    0    0    0    0    1 |    v = S
    0    0    0    0    0    0    0    0    0    0    0    0    0    0    0    0    1    0    0    0    0    0  104    0    0    0    0    0    0    0    0    0    0    0    0    0    0    0    0    0    0    6    0    0    0    0    0    0    0    0    0    0    0    0    0    0    0    0    0    0    0    0    0    0    0    0    0    0    0  108    0 |    w = UN
    0    0   10    0    0    0    0    0    0    0    0    0    0    0    0    0    2    0    0   12    0    0    1  196    0    0    0    0    0    0    0    1    0    0    0    0    0    0    0    0    0    2    0    0    0    0    0    0    0    0    0    0    0    0    0    0    0    0    0    0    0    0    0    0    0    0    0    0    0   39    0 |    x = UY
    0    0    0    0   11    0    1    0    0    3    0    0    0   26    0    0    0    0    0    0    0    0    0    0  163    0    0    0    0    0    0    0    0    0    0    0    1    7    0    0    0    0    0    0    0    0    0    0    0    0    0    0    0    0    0    0    1    0    0    0    0    0    0    0    0    0    0    0    0   30    0 |    y = MY
    0    2    0    0    0    0    0    1    0    0    0    0    0    0    0    0    0    0    0    0    0    0    0    0    0   28    1    0    0    0    0    0    0    0    0    0    0    0    0    0    0    0    0    0    0    0    0    0    0    0    0    0    0    0    0    0    0    0    0    0    0    0    0    0    0    0    0    0    0    0    0 |    z = FJ
    0   53    0    0    0   10    0    0    0    0    5    0    5    0    0    0    0    0    0    0    0    0    0    0    0    0  473    0    0    2    4    0    0    0    0    0    0    0    2    0    0    0    0    0    6    0    0    0    0    0    0    0    2    0    0    0    0    0    0    0    0    0    0    0    0    0    0    0    0    3    0 |   aa = FV
    0    0    0    0    0    0    0    1    0    0    0    0   11    0    0    0    0    0    0    0    0    0    0    0    0    0    0   27    0    1    3    0    0    0    0    0    0    0    0    0    0    0    0    0    1    0    0    0    0    0    0    0    0    0    0    0    0    0    0    0    0    0    0    0    0    0    0    0    0    0    0 |   ab = DV
    0    1    0    0    0    0    0    0    0    0    0    0    0    0    0    0    0    0    4    0    0    1    0    0    0    0    0    0  123    1    0    0    0    0    4    0    0    0    0    0    0    0    0    0    0    1    0    0    1    0    0    0    0    0    1    0    0    0    0    1    2    2    0    0    0    0    0    0    0    1    0 |   ac = RY
    0   11    0    0    0    0    0   16    0    0    1    0    7    0    0    0    0    0    0    0    0    3    0    0    0    0    5    0    0  168    3    0    0    0    0    0    0    0    1    0    0    0    0    0    2    0    0    0    0    0    0    0    0    0    1    0    0    0    0    0    0    0    0    0    0    0    0    0    0    0    0 |   ad = DJ
    0    0    0    0    0    2    0    2    0    0    0    0    8    0    0    0    0    1    0    0    0   10    0    0    0    0    8    0    0    2  286    0    0    1    0    1    0    0    0    0    0    0    1    0   15    0    0    0    0    0    0    0    0    0    0    0    0    0    0    0    0    0    0    0    0    0    0    0    0    0    0 |   ae = RN
    0    0    0    0    0    0    0    0    4    0    0    0    0    0    0    0    0    0    0   21    0    0    0    3    0    0    0    0    0    0    0  251    0    0    0    0    0    0    0    0    0    2    0    1    0    0    0    0    0    0    0    0    0    0    0    0    0    0    0    0    0    0    0    0    0    0    0    0    0   38    0 |   af = UA
    0    0    0    0    0    0    0    0    0    0    0    0    0    0    0    0    0    0    1    0    0    0    0    0    0    0    0    0    0    0    0    0    8    0    0    0    0    0    0    0    0    0    0    0    0    0    0    0    0    0    0    0    0    0    0    0    0    0    0    0    0    0    0    0    0    0    0    0    0    0    0 |   ag = CQ
    0    0    0    0    0    0    0    2    0    0    0    0    1    0    0    0    0    0    0    0    0    1    0    0    0    0    0    0    1    1   10    0    0   79    0    0    0    0    0    0    0    0    1    0    5    0    0    0    0    0    0    0    0    0    0    0    0    0    0    0    0    0    0    0    0    0    0    0    0    0    0 |   ah = SA
    0    0    0    0    0    0    0    0    0    0    0    0    0    0    0    0    0    0    0    0    0    6    0    0    0    0    0    0    8    1    0    0    0    0   60    0    0    0    0    0    0    0    0    0    2    0    0    1    0    0    0    0    0    0    0    0    0    0    0    0    0    0    0    0    0    0    0    0    0    1    0 |   ai = DY
    1    0    0    0    0    1    0    0    0    0   19    0    0    0    0    0    0    0    0    0    0    0    0    0    0    0    0    0    0    0    2    0    0    0    0   91    0    0    0    0    0    0    0    0    0    0    0    0    0    0    0    0    0    0    0    0    0    0    0    0    0    0    0    0    0    0    0    0    0    0    0 |   aj = CN
    1    0    0    0    1    0    0    0    0    0    0    0    0    0    0    0    0    0    0    0    0    0    0    0    1    0    0    0    0    0    0    0    0    0    0    0   86    0    0    0    0    0    0    0    0    0    0    0    0    0    0    0    0    0    0    0    0    0    0    0    0    0    0    0    0    0    0    0    0   99    0 |   ak = MN
    0    0    0    1    1    0    0    0    0    0    0    0    0    9    0    0    0    0    0    0    0    0    0    0   12    0    0    0    0    0    0    0    0    0    0    0    0  201    0    0    0    0    0    0    0    0    0    0    0    0    0    0    0    0    0    0    0    0    0    0    0    0    0    0    0    0    0    0    0    8    0 |   al = MC
    0   18    0    0    0    4    0    0    0    0    1    0    4    0    0    0    0    0    0    0    0    8    0    0    0    0   14    0    0    1    1    0    0    0    0    0    0    0   63    0    0    0    0    0    1    0    0    1    0    0    0    0    0    0    0    0    0    0    0    0    0    0    0    0    0    0    0    0    0    0    1 |   am = IV
    0    0    0    0    0    0    0    0    0    0    0    0    0    0    0    0    1    0    0    1    0    0    0    1    0    0    0    0    0    0    0    1    0    0    0    0    0    0    0    4    0    0    0    0    0    0    0    0    0    0    0    0    0    0    0    0    0    0    0    0    0    0    0    0    0    0    0    0    0   13    0 |   an = U
    0    3    0    0    0    0    0    1    0    0    2    0    0    0    0    0    0    0    0    0    0    3    0    0    0    0    0    0    0    0    0    0    0    0    0    0    0    0    0    0   27    0    0    0    0    0    0    0    0    0    0    0    0    1    0    0    0    0    0    0    0    0    0    0    0    0    0    0    0    0    0 |   ao = IJ
    0    0    0    0    0    0    0    0    0    0    0    0    0    0    0    0    2    0    0    0    0    0    1    7    0    0    0    0    0    0    0    0    0    0    0    0    0    0    0    0    0   41    0    1    0    0    0    0    0    0    0    0    0    0    0    0    0    0    0    0    0    0    0    0    0    0    0    0    0   23    0 |   ap = UJ
    0    0    0    0    0    0    0    0    0    0    4    0    0    0    0    0    0    1    0    0    0    0    0    0    0    0    0    0    0    0    7    0    0    0    0    0    0    0    0    0    0    0   52    0    0    0    0    1    0    0    0    0    0    0    0    0    0    0    0    0    0    0    0    0    0    0    0    0    0    0    0 |   aq = IN
    0    0    0    0    0    0    0    0    5    0    0    0    0    0    0    0    0    0    0    0    0    0    0    2    0    0    0    0    0    0    0    4    0    0    0    0    0    0    0    0    0    0    0   32    0    0    0    0    0    0    0    0    0    0    0    0    0    0    0    0    0    0    0    0    0    0    0    0    0    5    0 |   ar = UQ
    1    2    0    0    0    0    0    1    0    0    1    0    8    0    0    0    0    2    0    0    0    3    0    0    0    0    8    0    0    0   23    0    0    1    1    0    0    0    1    0    0    0    1    0   73    0    0    0    1    0    0    0    0    0    0    0    0    0    0    0    0    0    0    0    0    0    0    0    0    0    0 |   as = DN
    0    0    0    0    0    0    0    0    0    0    0    0    0    0    0    0    0    0    0    0    0    0    0    0    0    0    0    0    1    0    0    0    0    0    0    0    0    0    0    0    0    0    0    0    0    1    0    0    0    0    0    0    0    0    0    0    0    0    0    0    0    0    0    0    0    0    0    0    0    3    0 |   at = X
    0    0    0    0    0    0    0    0    0    0    0    0    0    0    0    0    0    0    0    0    0    0    0    0    0    0    0    0    0    0    0    0    0    0    0    0    0    0    0    0    0    0    0    0    0    0    3    0    0    0    0    0    0    0    0    0    0    0    0    0    0    0    0    0    0    2    0    0    0    0    0 |   au = AGD
    0    0    0    0    0    0    0    3    0    0    0    0    3    0    0    0    0    0    0    0    0    1    0    0    0    0    0    0    2    0    1    0    0    0    2    0    0    0    0    0    0    0    2    0    0    0    0   11    0    0    0    0    0    0    0    0    0    0    0    0    0    0    0    0    0    0    0    0    0    0    0 |   av = L
    0    0    0    0    0    0    0    0    0    0    0    0    0    0    0    0    0    0    0    0    0    1    0    0    0    0    0    0    1    0    1    0    0    0    0    0    0    0    0    0    0    0    0    0    0    0    0    0   42    1    1    0    0    0    0    0    0    0    0    0    0    0    0    0    0    0    0    0    0    0    0 |   aw = RA
    0    0    0    0    0    0    0    0    0    0    0    0    0    0    0    0    0    0    0    0    1    0    0    0    0    0    0    0    0    0    0    0    0    0    0    0    0    0    0    0    0    0    0    0    0    0    0    0    0   13    0    0    0    0    0    0    0    0    0    0    0    0    0    0    0    0    0    0    0    1    0 |   ax = DD
    0    0    0    0    0    0    0    0    0    0    0    0    0    0    0    0    0    0    0    0    0    1    0    0    0    0    0    0    0    1    0    0    0    0    0    0    0    0    0    0    0    0    0    0    0    0    0    0    0    0    4    0    0    0    0    0    0    0    0    1    0    0    0    0    0    0    0    0    0    2    0 |   ay = RQ
    0    0    0    0    0    0    0    0    0    0    0    0    1    0    0    0    0    0    1    0    0    0    0    0    0    0    1    0    0    0    0    0    0    0    0    0    0    0    0    0    0    0    0    0    0    0    0    0    0    0    0   15    0    0    0    0    0    0    0    0    0    0    0    0    0    0    0    0    0    1    0 |   az = RT
    0    0    0    0    0    1    0    0    0    0    0    0    0    0    0    0    0    0    0    0    0    0    0    0    0    0    2    0    0    0    0    0    0    0    0    0    0    0    0    0    0    0    0    0    0    0    0    0    0    0    0    0    0    0    0    0    0    0    0    0    0    0    0    0    0    0    0    0    0    0    0 |   ba = DT
    0    0    0    0    0    0    0    0    0    0    0    0    0    0    0    0    0    0    0    0    0    0    0    0    0    0    0    0    0    0    0    0    0    0    0    0    0    0    0    0    1    0    0    0    0    0    0    0    4    1    0    0    0    1    0    0    0    0    2    0    0    0    0    0    0    0    0    0    0    0    0 |   bb = AGA
    1    1    0    0    0    0    0    0    0    0    0    0    2    0    0    0    0    0    0    0    0    1    0    0    0    0    0    0    0    2    2    0    0    0    0    0    0    0    0    0    0    0    0    0    0    0    0    0    0    0    0    0    0    0   10    0    0    0    0    0    0    0    0    0    0    0    0    0    0    0    0 |   bc = SX
    1    0    0    0    0    0    0    0    0    0    0    0    0    0    0    0    0    0    0    0    0    0    0    0    0    0    0    0    0    0    0    0    0    0    0    0    0    0    0    0    0    0    0    0    0    0    0    0    0    0    0    0    0    0    0    0    0    0    0    0    0    0    0    0    0    0    0    0    0    0    0 |   bd = IY
    0    0    0    0    0    0    0    0    0    0    0    0    0    1    0    0    0    0    0    0    0    0    0    0    2    0    0    0    0    0    0    0    0    0    0    0    0    0    0    0    0    0    0    0    0    0    0    0    0    0    0    0    0    0    0    0    3    0    0    0    0    0    0    0    0    0    0    0    0    3    0 |   be = M
    0    0    0    0    0    0    0    0    0    0    0    0    0    0    0    0    0    0    0    0    0    0    0    0    0    0    0    0    0    0    0    0    0    0    0    0    0    0    0    0    0    0    0    0    0    0    0    0    0    0    0    0    0    0    0    0    0   12    0    0    0    0    0    0    0    0    0    0    0    0    0 |   bf = IQ
    0    0    0    0    0    0    0    0    0    0    1    0    0    0    0    0    0    0    0    0    0    0    0    0    0    0    0    0    0    0    0    0    0    0    0    0    0    0    0    0    0    0    0    0    1    0    0    0    0    0    0    0    0    2    0    0    0    0    2    0    0    0    0    0    0    0    0    0    0    0    0 |   bg = FA
    0    0    0    0    0    0    0    0    0    0    0    0    0    0    0    0    0    0    1    0    0    0    0    0    0    0    0    0    2    0    0    0    0    0    0    0    0    0    0    0    0    0    0    0    0    1    0    0    0    0    1    0    0    0    0    0    0    0    0    1    0    0    0    0    0    0    0    0    0    0    0 |   bh = RC
    0    1    0    0    0    0    0    0    0    0    0    0    0    0    0    0    0    0    1    0    0    0    0    0    0    0    0    0    2    0    0    0    0    0    0    0    0    0    0    0    0    0    0    0    0    0    0    0    0    0    0    0    0    0    0    0    0    0    0    0    0    0    0    0    0    0    0    0    0    2    0 |   bi = ID
    0    0    0    0    0    0    0    0    0    0    0    0    0    0    0    0    0    0    0    0    0    0    0    0    0    0    0    0    2    2    0    0    0    0    2    0    0    0    0    0    0    0    0    0    0    0    0    0    0    0    0    0    0    0    0    0    0    0    0    0    0    4    0    0    0    0    0    0    0    0    0 |   bj = FY
    0    0    0    0    0    0    0    0    0    0    1    0    0    0    0    0    0    0    0    0    0    1    0    0    0    0    0    0    0    0    0    0    0    0    0    0    0    0    0    0    0    0    0    0    0    0    0    0    0    0    0    0    0    0    0    0    0    0    0    0    0    0    4    0    0    0    0    0    0    0    0 |   bk = IA
    0    1    0    0    0    0    0    0    0    0    0    0    0    0    0    0    0    0    0    0    0    0    0    0    0    0    0    0    0    0    0    0    0    0    0    0    0    0    0    0    0    0    0    0    0    0    0    0    0    0    0    0    0    0    0    0    0    0    0    0    0    0    0    2    0    0    0    0    0    1    0 |   bl = W
    0    1    0    0    0    0    0    0    0    0    0    0    0    0    0    0    0    0    0    0    0    1    0    0    0    0    0    0    0    0    0    0    0    0    0    0    0    0    0    0    0    0    0    0    0    0    0    0    0    2    0    0    0    0    0    0    0    2    0    0    0    0    0    0    0    0    0    0    0    0    0 |   bm = DI
    0    0    0    0    0    0    0    0    0    0    0    0    0    0    0    0    0    0    0    0    0    0    0    0    0    0    0    0    0    0    0    0    0    0    0    0    0    0    0    0    0    0    0    0    0    0    1    0    0    2    0    0    0    0    0    0    0    0    0    0    0    0    0    0    0    0    0    0    0    1    0 |   bn = RD
    0    0    0    0    0    0    0    0    0    0    0    0    0    0    0    0    0    0    0    0    0    0    0    0    0    0    0    0    0    0    0    0    0    0    0    0    0    0    0    0    0    0    0    0    0    0    1    0    0    0    0    0    0    0    0    0    0    0    0    0    0    0    0    0    0    0    0    0    0    0    0 |   bo = AGQ
    0    0    0    0    0    0    0    0    0    0    0    0    0    0    0    0    0    0    0    0    0    0    0    0    0    0    0    0    0    0    0    0    1    0    0    0    0    0    0    0    0    0    0    0    0    0    0    0    0    0    0    0    0    0    0    0    0    0    0    0    0    0    0    0    0    0    0    0    0    0    0 |   bp = FQ
    0    0    0    0    0    0    0    0    0    0    0    0    0    0    0    0    0    0    0    0    0    0    0    0    0    0    0    0    0    0    0    0    0    0    0    0    0    0    0    0    0    0    0    0    0    0    0    0    0    0    0    0    0    0    0    0    0    0    0    0    0    0    0    0    0    0    0    0    0    1    0 |   bq = AG
   67   34   98   68   53    2   68    3   34   10    0   65    8  114    0    3   50    0    0   17    0    2   17   37   31    0    8    0    0    0    2   43    0    0    2    0   49   25    0    4    0    3    0    5    2    1    1    0    0    0    0    0    0    0    0    0    2    0    0    0    0    0    0    0    0    0    0    0    0 1051  140 |   br = waln
    0    0    0    0    0    0    0    0    0    0    0    0    0    0    0    0    0    0    0    0    0    0    0    0    0    0    0    0    0    0    0    0    0    0    0    0    0    0    0    0    0    0    0    0    0    0    1    0    0    0    0    0    0    0    0    0    0    0    0    0    0    0    0    0    0    0    0    0    0  121 1997 |   bs = preserved

