=== Run information ===

Scheme:       weka.classifiers.functions.LibSVM -S 0 -K 0 -D 3 -G 0.0 -R 0.0 -N 0.5 -M 40.0 -C 1.0 -E 0.001 -P 0.1 -model /Users/hvt/Downloads/weka-3-8-0 -seed 1
Relation:     FCE-100-weka.filters.unsupervised.attribute.NumericToBinary-Rfirst-last
Instances:    19985
Attributes:   11
              s_str
              t_str
              st_samestr_binarized
              s_stem
              t_stem
              st_samestem_binarized
              s_pos
              t_pos
              st_precede_binarized
              st_follow_binarized
              class
Test mode:    5-fold cross-validation

=== Classifier model (full training set) ===

LibSVM wrapper, original code by Yasser EL-Manzalawy (= WLSVM)

Time taken to build model: 51.3 seconds

=== Stratified cross-validation ===
=== Summary ===

Correctly Classified Instances       15497               77.5432 %
Incorrectly Classified Instances      4488               22.4568 %
Kappa statistic                          0.7652
Mean absolute error                      0.0059
Root mean squared error                  0.0769
Relative absolute error                 23.3907 %
Root relative squared error             68.4015 %
Total Number of Instances            19985     

=== Detailed Accuracy By Class ===

                 TP Rate  FP Rate  Precision  Recall   F-Measure  MCC      ROC Area  PRC Area  Class
                 0.947    0.002    0.960      0.947    0.953      0.951    0.973     0.912     MP
                 0.234    0.001    0.750      0.234    0.357      0.417    0.617     0.181     ID
                 0.961    0.003    0.959      0.961    0.960      0.957    0.979     0.925     RT
                 0.933    0.002    0.900      0.933    0.916      0.914    0.965     0.841     UT
                 0.912    0.001    0.929      0.912    0.920      0.919    0.955     0.849     MA
                 0.741    0.009    0.824      0.741    0.780      0.770    0.866     0.625     TV
                 0.981    0.001    0.985      0.981    0.983      0.982    0.990     0.967     MD
                 0.571    0.003    0.755      0.571    0.650      0.651    0.784     0.439     AGN
                 0.806    0.017    0.788      0.806    0.797      0.780    0.894     0.649     RP
                 0.729    0.011    0.808      0.729    0.766      0.753    0.859     0.605     RV
                 0.927    0.001    0.932      0.927    0.929      0.928    0.963     0.865     MV
                 0.936    0.020    0.599      0.936    0.731      0.739    0.958     0.563     W
                 0.080    0.000    0.571      0.080    0.140      0.213    0.540     0.048     X
                 0.862    0.067    0.529      0.862    0.655      0.640    0.897     0.467     S
                 0.000    0.000    0.000      0.000    0.000      0.000    0.500     0.003     CE
                 0.842    0.006    0.837      0.842    0.839      0.833    0.918     0.710     FV
                 0.790    0.003    0.820      0.790    0.805      0.802    0.894     0.651     AGV
                 0.609    0.030    0.521      0.609    0.561      0.537    0.789     0.337     R
                 0.552    0.002    0.802      0.552    0.654      0.662    0.775     0.449     RJ
                 0.970    0.000    0.992      0.970    0.981      0.981    0.985     0.963     UD
                 0.852    0.002    0.908      0.852    0.879      0.877    0.925     0.777     UP
                 0.955    0.002    0.932      0.955    0.943      0.942    0.976     0.891     MT
                 0.468    0.008    0.708      0.468    0.564      0.562    0.730     0.353     RN
                 0.833    0.000    0.970      0.833    0.897      0.899    0.917     0.809     MQ
                 0.497    0.006    0.566      0.497    0.529      0.523    0.745     0.289     FN
                 0.918    0.001    0.918      0.918    0.918      0.917    0.959     0.845     M
                 0.575    0.001    0.839      0.575    0.682      0.693    0.787     0.485     IV
                 0.724    0.003    0.806      0.724    0.763      0.760    0.860     0.587     RA
                 0.902    0.002    0.831      0.902    0.865      0.864    0.950     0.751     RD
                 0.000    0.000    0.000      0.000    0.000      -0.000   0.500     0.001     AGQ
                 0.449    0.004    0.564      0.449    0.500      0.499    0.723     0.259     DJ
                 0.930    0.002    0.778      0.930    0.847      0.849    0.964     0.724     U
                 0.872    0.001    0.949      0.872    0.909      0.909    0.936     0.829     UV
                 0.929    0.000    0.867      0.929    0.897      0.897    0.964     0.805     MJ
                 0.562    0.001    0.753      0.562    0.643      0.648    0.780     0.425     DY
                 0.573    0.004    0.657      0.573    0.612      0.609    0.784     0.382     RY
                 0.754    0.001    0.722      0.754    0.738      0.737    0.876     0.545     UC
                 0.831    0.000    0.937      0.831    0.881      0.882    0.915     0.779     DA
                 0.743    0.001    0.473      0.743    0.578      0.592    0.871     0.352     AGD
                 0.671    0.002    0.495      0.671    0.570      0.575    0.835     0.333     UN
                 0.569    0.001    0.805      0.569    0.667      0.675    0.784     0.460     UY
                 0.679    0.002    0.618      0.679    0.647      0.646    0.839     0.421     RQ
                 0.680    0.000    0.897      0.680    0.773      0.780    0.840     0.612     MY
                 0.652    0.000    0.882      0.652    0.750      0.758    0.826     0.576     FJ
                 0.723    0.002    0.652      0.723    0.686      0.685    0.861     0.473     MN
                 0.455    0.003    0.685      0.455    0.547      0.553    0.726     0.319     SX
                 0.382    0.000    0.840      0.382    0.525      0.566    0.691     0.322     DV
                 0.895    0.001    0.881      0.895    0.888      0.887    0.947     0.789     MC
                 0.679    0.001    0.740      0.679    0.708      0.708    0.839     0.504     RC
                 0.476    0.000    0.800      0.476    0.597      0.617    0.738     0.382     IN
                 0.561    0.000    0.974      0.561    0.712      0.738    0.780     0.547     CN
                 0.750    0.000    0.900      0.750    0.818      0.821    0.875     0.675     IQ
                 0.241    0.001    0.586      0.241    0.342      0.373    0.620     0.147     DN
                 0.657    0.001    0.719      0.657    0.687      0.686    0.828     0.474     AGA
                 0.000    0.000    0.000      0.000    0.000      0.000    0.500     0.002     AS
                 0.763    0.000    0.946      0.763    0.844      0.848    0.881     0.723     UA
                 0.699    0.000    0.927      0.699    0.797      0.804    0.849     0.649     SA
                 0.714    0.000    0.833      0.714    0.769      0.771    0.857     0.596     CQ
                 0.321    0.000    0.765      0.321    0.452      0.494    0.660     0.248     L
                 0.444    0.000    0.842      0.444    0.582      0.611    0.722     0.375     IJ
                 0.921    0.000    0.854      0.921    0.886      0.886    0.960     0.786     DD
                 0.800    0.000    0.500      0.800    0.615      0.632    0.900     0.400     FY
                 1.000    0.000    1.000      1.000    1.000      1.000    1.000     1.000     FD
                 0.588    0.000    0.667      0.588    0.625      0.626    0.794     0.393     UJ
                 0.222    0.000    1.000      0.222    0.364      0.471    0.611     0.223     CL
                 0.500    0.000    0.667      0.500    0.571      0.577    0.750     0.334     UQ
                 0.000    0.000    0.000      0.000    0.000      -0.000   0.500     0.000     DT
                 0.000    0.000    0.000      0.000    0.000      -0.000   0.500     0.000     FA
                 0.000    0.000    0.000      0.000    0.000      0.000    0.500     0.000     IY
                 0.500    0.000    1.000      0.500    0.667      0.707    0.750     0.500     IA
                 0.000    0.000    0.000      0.000    0.000      0.000    0.500     0.000     DQ
                 0.000    0.000    0.000      0.000    0.000      0.000    0.500     0.000     CD
                 0.000    0.000    0.000      0.000    0.000      0.000    0.500     0.000     AG
                 0.000    0.000    0.000      0.000    0.000      0.000    0.500     0.000     DI
                 0.000    0.000    0.000      0.000    0.000      0.000    ?         ?         FQ
                 0.000    0.000    0.000      0.000    0.000      0.000    ?         ?         preserved
Weighted Avg.    0.775    0.012    0.787      0.775    0.771      0.767    0.882     0.636     

=== Confusion Matrix ===

    a    b    c    d    e    f    g    h    i    j    k    l    m    n    o    p    q    r    s    t    u    v    w    x    y    z   aa   ab   ac   ad   ae   af   ag   ah   ai   aj   ak   al   am   an   ao   ap   aq   ar   as   at   au   av   aw   ax   ay   az   ba   bb   bc   bd   be   bf   bg   bh   bi   bj   bk   bl   bm   bn   bo   bp   bq   br   bs   bt   bu   bv   bw   bx   <-- classified as
  950    0    0    0    2    0    0    0   20    2    0    2    0    9    0    0    0    1    0    0    2    2    1    0    0    4    0    0    0    0    7    0    0    0    0    0    0    0    0    0    0    0    0    0    0    1    0    0    0    0    0    0    0    0    0    0    0    0    0    0    0    0    0    0    0    0    0    0    0    0    0    0    0    0    0    0 |    a = MP
    0   33    2    0    0    2    0    0    1    0    0   47    0    2    0    0    0   47    1    0    0    0    0    0    0    0    0    0    0    0    0    0    0    0    1    5    0    0    0    0    0    0    0    0    0    0    0    0    0    0    0    0    0    0    0    0    0    0    0    0    0    0    0    0    0    0    0    0    0    0    0    0    0    0    0    0 |    b = ID
    0    1 1269    0    0    0    0    0    8    3    0    0    0    8    0    0    0   23    0    0    0    0    0    0    0    0    1    0    0    0    0    0    0    0    0    2    0    0    0    0    0    0    0    0    0    4    0    0    1    0    0    0    0    0    0    0    0    0    0    0    0    0    0    0    0    0    0    0    0    0    0    0    0    0    0    0 |    c = RT
    0    0    0  360    0    0    0    0    2    0    0    0    0    0    0    0    0    1    0    1    1    1    0    0    0    0    0    0    0    0    0    0    2    0    0    1    0    0    0   13    2    0    0    0    0    0    0    0    0    0    0    0    0    0    0    2    0    0    0    0    0    0    0    0    0    0    0    0    0    0    0    0    0    0    0    0 |    d = UT
    1    0    0    0  364    2    4    0    1    0    1    0    0    1    0    0    0    1    0    0    0    3    0    0    0    1    0    1    0    0    0    0    0    0    0    0    0    0    0    0    0    0    0    0    6    0    0   13    0    0    0    0    0    0    0    0    0    0    0    0    0    0    0    0    0    0    0    0    0    0    0    0    0    0    0    0 |    e = MA
    1    0    0    0    1  807    0    1   25   45    0   42    0   46    0   66   27   11    0    0    4    0    2    0    1    0    1    0    0    0    9    0    0    0    0    0    0    0    0    0    0    0    0    0    0    0    0    0    0    0    0    0    0    0    0    0    0    0    0    0    0    0    0    0    0    0    0    0    0    0    0    0    0    0    0    0 |    f = TV
    0    0    0    0    6    0 1027    0    5    0    1    0    0    1    0    0    0    3    0    0    0    0    0    1    0    0    0    0    1    0    0    0    0    0    0    0    0    0    0    0    0    0    0    0    1    0    0    0    0    0    0    0    0    0    0    0    0    0    0    0    1    0    0    0    0    0    0    0    0    0    0    0    0    0    0    0 |    g = MD
    0    0    0    0    0    2    0  200    3    1    0    1    0   48    0    0    2    3    0    0    0    0   13    0   73    0    0    0    0    0    1    0    0    0    0    0    0    0    0    0    0    0    0    0    0    1    0    0    0    0    0    0    2    0    0    0    0    0    0    0    0    0    0    0    0    0    0    0    0    0    0    0    0    0    0    0 |    h = AGN
   25    0    7    0    0   15    3    1 1197   14    0   31    0   93    0    1    1   26    3    0   14    0   17    0    0    0    0   10    1    0    8    0    0    0    4    5    0    2    1    0    0    1    0    0    0    1    0    0    1    0    0    0    1    1    0    0    1    1    0    0    0    0    0    0    0    0    0    0    0    0    0    0    0    0    0    0 |    i = RP
    1    0    0    0    0   48    0    1   17  860    0   15    0  141    0   17    3   53    6    0    0    0    9    0    0    0    4    0    0    0    1    0    0    0    0    0    0    0    0    0    0    0    0    0    0    2    0    0    0    0    0    0    1    0    0    0    0    0    1    0    0    0    0    0    0    0    0    0    0    0    0    0    0    0    0    0 |    j = RV
    2    0    0    0    2    1    0    0    0    0  328    0    0    1    0    0    0    0    0    0    0    0    0    0    0    5    0    0    0    0    0    0    0    1    0    0    0    0    0    0    0    0    0    0   14    0    0    0    0    0    0    0    0    0    0    0    0    0    0    0    0    0    0    0    0    0    0    0    0    0    0    0    0    0    0    0 |    k = MV
    0    2    0    0    0    8    0    0    5    1    0  583    0    0    0    1    0   12    0    0    2    0    0    0    0    0    0    0    0    0    0    8    0    0    0    1    0    0    0    0    0    0    0    0    0    0    0    0    0    0    0    0    0    0    0    0    0    0    0    0    0    0    0    0    0    0    0    0    0    0    0    0    0    0    0    0 |    l = W
    0    1    0    0    0    5    0    0    0    2    0   33    4    0    0    0    0    0    0    0    0    0    0    0    0    0    0    0    0    0    0    0    0    0    0    2    0    0    0    0    0    0    0    0    0    2    0    0    1    0    0    0    0    0    0    0    0    0    0    0    0    0    0    0    0    0    0    0    0    0    0    0    0    0    0    0 |    m = X
    0    0    0    0    0    5    0    1   22   54    0    2    0 1386    0    1    1    8    5    0    1    0   52    0    2    0    4    1    0    0   13    0    0    0    8   28    0    0    0    0    0    0    0    0    0    2    3    0    0    3    0    0    4    0    0    0    0    0    2    0    0    0    0    0    0    0    0    0    0    0    0    0    0    0    0    0 |    n = S
    0    0    0    0    0    0    0    0    0    0    0    0    0    0    0    0    0   55    0    0    0    0    0    0    0    0    0    0    0    0    0    0    0    0    0    0    0    0    0    0    0    0    0    0    0    0    0    0    0    0    0    0    0    0    0    0    0    0    0    0    0    0    0    0    0    0    0    0    0    0    0    0    0    0    0    0 |    o = CE
    0    0    0    0    0   37    0    2    6   15    0    1    0   30    0  614    4    4    0    0    0    0    5    0    4    0    2    0    0    0    1    0    0    0    0    0    0    0    0    0    0    0    0    0    0    1    0    0    0    0    0    0    2    0    0    0    0    0    0    0    0    0    0    0    0    0    1    0    0    0    0    0    0    0    0    0 |    p = FV
    0    0    0    0    0   12    0    2    2    4    0    1    0   14    0    2  233    1    1    0    2    0    1    0   18    0    0    0    0    0    1    0    0    0    0    0    0    0    0    0    0    0    0    0    0    1    0    0    0    0    0    0    0    0    0    0    0    0    0    0    0    0    0    0    0    0    0    0    0    0    0    0    0    0    0    0 |    q = AGV
    1    2   23    0    0   10    2    1   46   19    0  131    0   38    0    4    0  628    3    0    3    0    8    0    0    0    0   14   23    0    4    0    0    0    2   16    0    1    1    0    0   14    1    0    0   16    0    0   11    0    0    0    1    3    0    0    1    1    1    0    1    2    0    0    0    0    0    0    0    0    0    0    0    0    0    0 |    r = R
    0    0    1    0    0    0    0    0    6    3    0    2    0   60    0    1    0   39  158    0    0    0    2    0    0    0    0    0    0    0    7    0    0    0    2    1    0    0    0    0    0    0    0    0    0    3    0    0    0    0    0    0    0    0    0    0    0    0    0    1    0    0    0    0    0    0    0    0    0    0    0    0    0    0    0    0 |    s = RJ
    0    0    0    0    0    0    0    0    6    0    0    0    0    0    0    0    0    0    0  388    0    0    0    0    0    0    0    0    0    0    2    0    0    0    0    0    1    0    0    1    0    0    0    0    0    0    0    0    0    0    0    0    0    0    0    0    0    0    0    0    0    0    0    0    0    2    0    0    0    0    0    0    0    0    0    0 |    t = UD
    0    0    1    1    0    4    0    0   25    0    0    2    0   14    0    0    0    8    0    0  364    0    3    0    0    0    0    0    0    0    0    2    1    0    0    0    0    0    0    1    0    0    0    0    0    0    0    0    1    0    0    0    0    0    0    0    0    0    0    0    0    0    0    0    0    0    0    0    0    0    0    0    0    0    0    0 |    u = UP
    1    0    0    0    3    0    1    0    1    0    7    0    0    1    0    0    0    3    0    0    0  548    0    0    0    1    0    0    0    0    0    0    0    0    0    0    0    0    0    0    0    0    3    0    5    0    0    0    0    0    0    0    0    0    0    0    0    0    0    0    0    0    0    0    0    0    0    0    0    0    0    0    0    0    0    0 |    v = MT
    1    0    0    0    0    2    1    5   29    9    0    9    0  248    0    5    1   81    0    0    0    0  369    0    9    0    0    1    0    0    0    0    0    0    0    1    0    0    0    0    0    0    0    0    0    5    1    0    0    2    1    0    5    0    0    0    2    0    1    0    0    0    0    0    0    0    0    0    0    0    0    0    0    0    0    0 |    w = RN
    0    0    0    0    3    0    4    0    0    0    1    0    0    0    0    0    0    0    0    0    0    0    0   65    0    1    0    0    0    0    0    0    0    1    0    0    0    0    0    0    0    0    2    0    1    0    0    0    0    0    0    0    0    0    0    0    0    0    0    0    0    0    0    0    0    0    0    0    0    0    0    0    0    0    0    0 |    x = MQ
    0    0    0    0    0    2    0   49    2    0    0    2    0   83    0    0    2    1    0    0    0    0   13    0  159    0    0    0    0    0    3    0    0    0    0    0    0    0    0    0    0    0    0    0    0    2    0    0    0    0    0    0    1    0    0    0    0    0    0    0    0    0    0    0    0    0    0    1    0    0    0    0    0    0    0    0 |    y = FN
    0    0    0    0    0    0    0    0    3    1    6    0    0    0    0    0    0    5    0    0    0    1    0    0    0  214    0    0    0    0    0    0    0    0    0    1    0    0    0    0    0    0    0    0    2    0    0    0    0    0    0    0    0    0    0    0    0    0    0    0    0    0    0    0    0    0    0    0    0    0    0    0    0    0    0    0 |    z = M
    0    0    0    0    0    4    0    0    0    6    0    0    0   31    0    6    4    1    0    0    0    0    0    0    0    0   73    0    0    0    1    0    0    0    0    0    0    0    0    0    0    0    0    0    0    0    0    0    0    0    0    0    0    0    0    0    0    0    0    1    0    0    0    0    0    0    0    0    0    0    0    0    0    0    0    0 |   aa = IV
    2    0    0    0    0    1    0    0   15    0    0    0    0   14    0    0    0   10    0    0    1    0    2    0    0    0    0  212    4    0    0    0    0    0    0    1    0    1    4    0    0   12    0    0    0    4    0    0    1    0    0    1    0    8    0    0    0    0    0    0    0    0    0    0    0    0    0    0    0    0    0    0    0    0    0    0 |   ab = RA
    0    0    0    0    0    0    0    0    0    0    0    0    0    1    0    0    0   12    0    0    0    0    0    0    0    0    0    0  202    0    0    0    0    0    0    0    0    0    5    0    0    2    0    0    0    0    0    0    0    0    0    0    0    0    0    0    0    1    0    0    1    0    0    0    0    0    0    0    0    0    0    0    0    0    0    0 |   ac = RD
    0    0    0    0    0    0    1    0    0    0    0    0    0    1    0    0    0    0    0    0    0    0    0    0    0    0    0    0    2    0    0    0    0    0    0    0    0    0   11    0    0    2    0    0    0    0    0    0    0    0    0    0    0    0    0    0    0    0    0    0    0    0    0    0    0    0    0    0    0    0    0    0    0    0    0    0 |   ad = AGQ
    0    0    0    0    0    5    0    0    6    0    0    1    0   76    0    1    0   11    8    0    0    0    1    0    2    0    0    0    0    0   93    0    0    0    0    1    0    0    0    0    0    0    0    0    0    2    0    0    0    0    0    0    0    0    0    0    0    0    0    0    0    0    0    0    0    0    0    0    0    0    0    0    0    0    0    0 |   ae = DJ
    0    0    1    1    0    0    0    0    2    0    0    0    0    0    0    0    0    1    0    0    0    0    0    0    0    0    0    0    0    0    0  133    4    0    0    0    1    0    0    0    0    0    0    0    0    0    0    0    0    0    0    0    0    0    0    0    0    0    0    0    0    0    0    0    0    0    0    0    0    0    0    0    0    0    0    0 |   af = U
    0    0    0    1    0    0    0    0    0    0    0    0    0    0    0    0    0    0    0    0    5    0    0    0    0    0    0    0    1    0    0   10  205    0    0    0    0    0    0    9    3    0    0    0    0    0    0    0    0    0    0    0    0    0    0    0    0    0    0    0    0    0    0    1    0    0    0    0    0    0    0    0    0    0    0    0 |   ag = UV
    0    0    0    0    0    0    0    0    0    0    1    0    0    0    0    0    0    0    0    0    0    0    0    0    0    0    0    0    0    0    0    0    0   13    0    0    0    0    0    0    0    0    0    0    0    0    0    0    0    0    0    0    0    0    0    0    0    0    0    0    0    0    0    0    0    0    0    0    0    0    0    0    0    0    0    0 |   ah = MJ
    0    1    0    0    0    0    0    0    6    0    0    0    0   35    0    0    0    2    0    0    0    0    0    0    0    0    0    0    0    0    1    0    0    0   73   10    0    0    0    0    0    0    0    0    0    0    0    0    0    0    0    0    2    0    0    0    0    0    0    0    0    0    0    0    0    0    0    0    0    0    0    0    0    0    0    0 |   ai = DY
    0    4    3    0    0    0    0    0   10    0    0    3    1   31    0    0    0   47    1    0    0    0    0    0    0    0    0    0    0    0    1    0    0    0    4  153    0    0    0    0    0    0    0    0    0    4    0    0    3    0    0    0    0    0    0    0    0    0    0    0    0    2    0    0    0    0    0    0    0    0    0    0    0    0    0    0 |   aj = RY
    0    0    0    6    0    0    0    0    1    0    0    0    0    0    0    0    0    1    0    1    0    0    0    0    0    0    0    0    0    0    0    0    0    0    0    0   52    0    0    2    6    0    0    0    0    0    0    0    0    0    0    0    0    0    0    0    0    0    0    0    0    0    0    0    0    0    0    0    0    0    0    0    0    0    0    0 |   ak = UC
    0    0    0    0    0    0    0    0    2    0    0    0    0    2    0    0    0    5    0    0    0    0    0    0    0    0    0    1    0    0    0    0    0    0    0    0    0   59    1    0    0    0    0    0    0    1    0    0    0    0    0    0    0    0    0    0    0    0    0    0    0    0    0    0    0    0    0    0    0    0    0    0    0    0    0    0 |   al = DA
    0    0    0    0    0    0    0    0    1    0    0    0    0    0    0    0    0    0    0    0    0    0    0    0    0    0    0    1    4    2    0    0    0    0    0    0    0    0   26    0    0    0    0    0    0    1    0    0    0    0    0    0    0    0    0    0    0    0    0    0    0    0    0    0    0    0    0    0    0    0    0    0    0    0    0    0 |   am = AGD
    0    0    0   15    0    0    0    0    0    0    0    0    0    0    0    0    0    0    0    0    0    0    1    0    0    0    0    0    0    0    0    5    1    0    0    0    0    0    0   47    0    0    0    0    0    0    0    0    0    0    0    0    0    0    0    0    0    0    0    0    0    0    0    1    0    0    0    0    0    0    0    0    0    0    0    0 |   an = UN
    0    0    0   11    0    1    0    0    5    1    0    1    0    0    0    0    0    1    0    0    0    0    0    0    0    0    0    0    0    0    0    8    2    0    0    0    4    0    0   11   62    0    0    0    0    0    0    0    0    0    0    0    0    0    0    2    0    0    0    0    0    0    0    0    0    0    0    0    0    0    0    0    0    0    0    0 |   ao = UY
    0    0    0    0    0    0    0    0    1    0    0    0    0    2    0    0    0   13    1    0    0    0    1    0    0    0    0    3    1    0    0    0    0    0    0    0    0    0    0    0    0   55    0    0    0    0    0    0    0    0    0    0    0    0    0    0    0    1    3    0    0    0    0    0    0    0    0    0    0    0    0    0    0    0    0    0 |   ap = RQ
    1    0    1    0    5    0    0    0    0    0    1    0    0    0    0    0    0    0    0    0    0   18    0    0    0    2    0    0    0    0    0    0    0    0    0    0    0    0    0    0    0    0   70    0    3    0    0    2    0    0    0    0    0    0    0    0    0    0    0    0    0    0    0    0    0    0    0    0    0    0    0    0    0    0    0    0 |   aq = MY
    0    0    0    0    0    1    0    0    0    0    0    1    0    1    0    1    0    1    2    0    0    0    0    0    0    0    0    0    0    0    1    0    0    0    0    0    0    0    0    0    0    0    0   15    0    0    0    0    0    0    0    0    0    0    0    0    0    0    0    0    0    0    0    0    0    0    0    0    0    0    0    0    0    0    0    0 |   ar = FJ
    1    0    0    0    4    0    0    0    0    0    3    0    0    0    0    0    0    0    0    0    0    9    0    1    0    5    0    0    0    0    0    0    0    0    0    0    0    0    0    0    0    0    0    0   60    0    0    0    0    0    0    0    0    0    0    0    0    0    0    0    0    0    0    0    0    0    0    0    0    0    0    0    0    0    0    0 |   as = MN
    1    0    6    0    0    0    0    1    4   11    0    1    2   61    0    1    1   25    4    0    0    0    6    0    2    0    0    5    4    0    5    0    0    0    1    1    0    0    1    0    0    0    0    0    0  126    0    0    1    0    0    0    3    3    0    0    0    0    0    0    1    0    0    0    0    0    0    0    0    0    0    0    0    0    0    0 |   at = SX
    0    0    0    0    0    0    0    0    1    3    0    0    0   19    0    5    1    3    0    0    0    0    1    0    0    0    0    0    0    0    1    0    0    0    0    0    0    0    0    0    0    0    0    0    0    0   21    0    0    0    0    0    0    0    0    0    0    0    0    0    0    0    0    0    0    0    0    0    0    0    0    0    0    0    0    0 |   au = DV
    0    0    0    0    2    0    0    0    0    0    3    0    0    0    0    0    0    0    0    0    0    6    0    0    0    0    0    0    0    0    0    0    0    0    0    0    0    0    0    0    0    0    2    0    0    0    0  111    0    0    0    0    0    0    0    0    0    0    0    0    0    0    0    0    0    0    0    0    0    0    0    0    0    0    0    0 |   av = MC
    0    0    3    0    0    0    0    0    4    0    0    1    0    1    0    0    0   15    0    0    0    0    0    0    0    0    0    0    0    0    0    0    0    0    0    2    0    0    0    0    0    0    0    0    0    1    0    0   57    0    0    0    0    0    0    0    0    0    0    0    0    0    0    0    0    0    0    0    0    0    0    0    0    0    0    0 |   aw = RC
    0    0    0    0    0    0    0    1    1    0    0    1    0   13    0    0    1    0    0    0    0    0    1    0    2    0    0    0    0    0    0    0    0    0    1    0    0    0    0    0    0    0    0    1    0    0    0    0    0   20    0    0    0    0    0    0    0    0    0    0    0    0    0    0    0    0    0    0    0    0    0    0    0    0    0    0 |   ax = IN
    0    0    0    0    0    0    0    0    1    0    0    0    0   18    0    0    1    0    0    0    0    0    1    0    8    0    0    0    0    0    0    0    0    0    0    0    0    0    0    0    0    0    0    0    0    0    0    0    0    0   37    0    0    0    0    0    0    0    0    0    0    0    0    0    0    0    0    0    0    0    0    0    0    0    0    0 |   ay = CN
    0    0    0    0    0    0    0    0    0    0    0    0    0    2    0    0    0    0    0    0    0    0    0    0    0    0    0    0    0    0    0    0    0    0    0    0    0    0    0    0    0    0    0    0    0    0    0    0    0    0    0    9    0    1    0    0    0    0    0    0    0    0    0    0    0    0    0    0    0    0    0    0    0    0    0    0 |   az = IQ
    1    0    0    0    0    1    0    0   13    5    0    7    0   42    0    7    0   16    2    0    0    0    8    0    0    0    1    0    0    0    1    0    0    0    1    0    0    0    0    0    0    0    0    0    0    2    0    0    0    0    0    0   34    0    0    0    0    0    0    0    0    0    0    0    0    0    0    0    0    0    0    0    0    0    0    0 |   ba = DN
    0    0    0    0    0    0    0    0    2    0    0    0    0    2    0    0    0    3    0    0    0    0    0    0    0    0    0   11    0    0    0    0    0    0    0    0    0    0    3    0    0    0    0    0    0    0    0    0    0    0    0    0    0   46    0    0    0    0    0    1    1    0    0    0    0    0    0    1    0    0    0    0    0    0    0    0 |   bb = AGA
    0    0    0    0    0    0    0    0    0    1    0   46    0    0    0    0    0    0    0    0    0    0    0    0    0    0    0    0    0    0    0    0    0    0    0    0    0    0    0    0    0    0    0    0    0    0    0    0    0    0    0    0    0    0    0    0    0    0    0    0    0    0    0    0    0    0    0    0    0    0    0    0    0    0    0    0 |   bc = AS
    1    0    0    4    0    0    0    0    1    0    0    0    0    0    0    0    0    2    0    0    0    0    0    0    0    0    0    0    0    0    0    3    0    0    0    0   14    0    0    9    1    0    0    0    0    0    0    0    0    0    0    0    0    0    0  122    0    0    0    0    0    0    0    1    0    2    0    0    0    0    0    0    0    0    0    0 |   bd = UA
    0    0    0    0    0    0    0    0    2    1    0    0    0   16    0    0    0    0    0    0    0    0    1    0    0    0    0    0    0    0    0    0    0    0    0    0    0    0    0    0    0    0    0    0    0    0    0    0    0    0    0    0    2    0    0    0   51    0    0    0    0    0    0    0    0    0    0    0    0    0    0    0    0    0    0    0 |   be = SA
    0    0    0    0    0    0    0    0    1    0    0    0    0    1    0    0    0    4    0    0    0    0    0    0    0    0    0    0    0    0    0    0    0    0    0    0    0    0    0    0    0    2    0    0    0    0    0    0    0    0    0    0    0    0    0    0    0   20    0    0    0    0    0    0    0    0    0    0    0    0    0    0    0    0    0    0 |   bf = CQ
    0    0    6    0    0    4    0    0    1    3    0    4    0   19    0    0    0   12    2    0    1    0    1    0    0    0    0    0    0    0    0    0    0    0    0    0    0    0    0    0    0    1    0    0    0    1    0    0    0    0    0    0    0    0    0    0    0    0   26    0    0    0    0    0    0    0    0    0    0    0    0    0    0    0    0    0 |   bg = L
    0    0    0    0    0    0    0    0    3    1    0    1    0    7    0    0    1    1    0    0    0    0    0    0    0    0    1    0    0    0    3    0    0    0    0    0    0    0    0    0    0    0    0    1    0    0    0    0    0    0    0    0    0    1    0    0    0    0    0   16    0    0    0    0    0    0    0    0    0    0    0    0    0    0    0    0 |   bh = IJ
    0    0    0    0    0    0    0    0    0    0    0    0    0    1    0    0    0    1    0    0    1    0    0    0    0    0    0    0    0    0    0    0    0    0    0    0    0    0    0    0    0    0    0    0    0    0    0    0    0    0    0    0    0    0    0    0    0    0    0    0   35    0    0    0    0    0    0    0    0    0    0    0    0    0    0    0 |   bi = DD
    0    0    0    0    0    0    0    0    0    0    0    0    0    0    0    0    0    0    0    0    0    0    0    0    0    0    0    0    0    0    0    0    0    0    0    1    0    0    0    0    0    0    0    0    0    0    0    0    0    0    0    0    0    0    0    0    0    0    0    0    0    4    0    0    0    0    0    0    0    0    0    0    0    0    0    0 |   bj = FY
    0    0    0    0    0    0    0    0    0    0    0    0    0    0    0    0    0    0    0    0    0    0    0    0    0    0    0    0    0    0    0    0    0    0    0    0    0    0    0    0    0    0    0    0    0    0    0    0    0    0    0    0    0    0    0    0    0    0    0    0    0    0   29    0    0    0    0    0    0    0    0    0    0    0    0    0 |   bk = FD
    0    0    0    1    0    0    0    0    0    0    0    0    0    0    0    0    0    0    0    0    0    0    0    0    0    0    0    0    0    0    0    0    1    0    0    0    0    0    0    2    3    0    0    0    0    0    0    0    0    0    0    0    0    0    0    0    0    0    0    0    0    0    0   10    0    0    0    0    0    0    0    0    0    0    0    0 |   bl = UJ
    0    0    0    0    0    0    0    0    1    0    0    1    0    0    0    0    0    1    0    0    0    0    2    0    0    0    0    0    0    0    1    0    0    0    0    1    0    0    0    0    0    0    0    0    0    0    0    0    0    0    0    0    0    0    0    0    0    0    0    0    0    0    0    0    2    0    0    0    0    0    0    0    0    0    0    0 |   bm = CL
    0    0    0    0    0    0    0    0    0    0    0    0    0    0    0    0    0    0    0    1    0    0    0    0    0    0    0    0    0    0    0    2    0    0    0    0    0    0    0    0    0    0    0    0    0    0    0    0    0    0    0    0    0    0    0    3    0    0    0    0    0    0    0    2    0    8    0    0    0    0    0    0    0    0    0    0 |   bn = UQ
    0    0    0    0    0    0    0    0    0    0    0    0    0    0    0    1    1    0    0    0    0    0    0    0    0    0    0    0    0    0    0    0    0    0    0    0    0    0    0    0    0    0    0    0    0    0    0    0    0    0    0    0    0    0    0    0    0    0    0    0    0    0    0    0    0    0    0    0    0    0    0    0    0    0    0    0 |   bo = DT
    0    0    0    0    0    0    0    0    0    0    0    0    0    0    0    0    0    1    0    0    0    0    0    0    1    0    0    3    0    0    0    0    0    0    0    0    0    0    2    0    0    0    0    0    0    0    0    0    0    0    0    0    0    1    0    0    0    0    0    0    0    0    0    0    0    0    0    0    0    0    0    0    0    0    0    0 |   bp = FA
    0    0    0    0    0    0    0    0    0    0    0    0    0    1    0    0    0    0    0    0    0    0    0    0    0    0    0    0    0    0    0    0    0    0    0    0    0    0    0    0    0    0    0    0    0    0    0    0    0    0    0    0    0    0    0    0    0    0    0    0    0    0    0    0    0    0    0    0    0    0    0    0    0    0    0    0 |   bq = IY
    0    0    0    0    0    0    0    0    2    0    0    0    0    0    0    0    0    0    0    0    0    0    0    0    0    0    0    0    0    0    0    0    0    0    0    0    0    0    0    0    0    0    0    0    0    0    0    0    0    0    0    0    0    0    0    0    0    0    0    0    0    0    0    0    0    0    0    0    0    2    0    0    0    0    0    0 |   br = IA
    0    0    0    0    0    0    0    0    0    0    0    0    0    0    0    0    0    1    0    0    0    0    0    0    0    0    0    0    0    0    0    0    0    0    0    0    0    0    0    0    0    0    0    0    0    1    0    0    0    0    0    0    0    0    0    0    0    0    0    0    0    0    0    0    0    0    0    0    0    0    0    0    0    0    0    0 |   bs = DQ
    0    0    0    0    0    0    0    0    1    0    0    0    0    0    0    0    0    1    0    0    0    0    0    0    0    0    0    0    0    0    0    0    0    0    0    0    0    0    0    0    0    0    0    0    0    0    0    0    0    0    0    0    0    0    0    0    0    0    0    0    0    0    0    0    0    0    0    0    0    0    0    0    0    0    0    0 |   bt = CD
    0    0    0    0    0    0    0    0    0    0    0    1    0    0    0    0    0    0    0    0    0    0    0    0    0    0    0    0    0    0    0    0    0    0    0    0    0    0    0    0    0    0    0    0    0    0    0    0    0    0    0    0    0    0    0    0    0    0    0    0    0    0    0    0    0    0    0    0    0    0    0    0    0    0    0    0 |   bu = AG
    0    0    0    0    0    0    0    0    0    0    0    0    0    0    0    0    0    0    0    0    0    0    0    0    0    0    0    0    0    0    0    0    0    0    0    0    0    0    0    0    0    0    0    0    0    0    0    0    0    0    0    0    0    0    0    0    0    0    0    0    1    0    0    0    0    0    0    0    0    0    0    0    0    0    0    0 |   bv = DI
    0    0    0    0    0    0    0    0    0    0    0    0    0    0    0    0    0    0    0    0    0    0    0    0    0    0    0    0    0    0    0    0    0    0    0    0    0    0    0    0    0    0    0    0    0    0    0    0    0    0    0    0    0    0    0    0    0    0    0    0    0    0    0    0    0    0    0    0    0    0    0    0    0    0    0    0 |   bw = FQ
    0    0    0    0    0    0    0    0    0    0    0    0    0    0    0    0    0    0    0    0    0    0    0    0    0    0    0    0    0    0    0    0    0    0    0    0    0    0    0    0    0    0    0    0    0    0    0    0    0    0    0    0    0    0    0    0    0    0    0    0    0    0    0    0    0    0    0    0    0    0    0    0    0    0    0    0 |   bx = preserved

