=== Run information ===

Scheme:       weka.classifiers.functions.LibSVM -S 0 -K 0 -D 3 -G 0.0 -R 0.0 -N 0.5 -M 40.0 -C 1.0 -E 0.001 -P 0.1 -model /Users/hvt/Downloads/weka-3-8-0 -seed 1
Relation:     FCE-100-weka.filters.unsupervised.attribute.NumericToBinary-Rfirst-last
Instances:    16224
Attributes:   11
              s_str
              t_str
              st_samestr_binarized
              s_stem
              t_stem
              st_samestem_binarized
              s_pos
              t_pos
              st_precede_binarized
              st_follow_binarized
              class
Test mode:    5-fold cross-validation

=== Classifier model (full training set) ===

LibSVM wrapper, original code by Yasser EL-Manzalawy (= WLSVM)

Time taken to build model: 32.66 seconds

=== Stratified cross-validation ===
=== Summary ===

Correctly Classified Instances       13101               80.7507 %
Incorrectly Classified Instances      3123               19.2493 %
Kappa statistic                          0.7897
Mean absolute error                      0.0051
Root mean squared error                  0.0712
Relative absolute error                 20.9906 %
Root relative squared error             64.8072 %
Total Number of Instances            16224     

=== Detailed Accuracy By Class ===

                 TP Rate  FP Rate  Precision  Recall   F-Measure  MCC      ROC Area  PRC Area  Class
                 0.946    0.003    0.943      0.946    0.944      0.942    0.972     0.894     MP
                 0.245    0.000    0.871      0.245    0.383      0.461    0.623     0.219     ID
                 0.960    0.004    0.923      0.960    0.941      0.939    0.978     0.888     RT
                 0.951    0.000    0.973      0.951    0.962      0.961    0.975     0.926     UT
                 0.824    0.001    0.939      0.824    0.878      0.878    0.912     0.776     MA
                 0.773    0.010    0.812      0.773    0.792      0.781    0.882     0.639     TV
                 0.979    0.000    0.989      0.979    0.984      0.984    0.989     0.970     MD
                 0.331    0.002    0.557      0.331    0.415      0.425    0.664     0.190     AGN
                 0.736    0.010    0.749      0.736    0.742      0.732    0.863     0.562     RP
                 0.726    0.012    0.783      0.726    0.754      0.740    0.857     0.584     RV
                 0.867    0.000    0.945      0.867    0.904      0.904    0.933     0.821     MV
                 0.916    0.018    0.534      0.916    0.674      0.691    0.949     0.491     W
                 0.132    0.000    0.417      0.132    0.200      0.233    0.566     0.057     X
                 0.841    0.058    0.457      0.841    0.592      0.592    0.892     0.393     S
                 0.000    0.000    0.000      0.000    0.000      0.000    0.500     0.002     CE
                 0.846    0.004    0.811      0.846    0.828      0.824    0.921     0.689     FV
                 0.835    0.001    0.880      0.835    0.857      0.856    0.917     0.737     AGV
                 0.532    0.024    0.409      0.532    0.463      0.448    0.754     0.232     R
                 0.448    0.003    0.676      0.448    0.539      0.545    0.723     0.311     RJ
                 0.973    0.000    0.991      0.973    0.982      0.982    0.987     0.965     UD
                 0.847    0.002    0.910      0.847    0.877      0.876    0.923     0.774     UP
                 0.952    0.001    0.960      0.952    0.956      0.955    0.975     0.915     MT
                 0.334    0.005    0.632      0.334    0.437      0.449    0.664     0.229     RN
                 0.947    0.000    0.857      0.947    0.900      0.901    0.973     0.812     MQ
                 0.472    0.006    0.485      0.472    0.478      0.472    0.733     0.235     FN
                 0.932    0.001    0.872      0.932    0.901      0.900    0.965     0.813     M
                 0.544    0.001    0.862      0.544    0.667      0.683    0.772     0.471     IV
                 0.770    0.003    0.813      0.770    0.791      0.788    0.884     0.629     RA
                 0.912    0.002    0.807      0.912    0.856      0.856    0.955     0.737     RD
                 0.364    0.000    0.667      0.364    0.471      0.492    0.682     0.243     AGQ
                 0.172    0.003    0.348      0.172    0.230      0.240    0.584     0.067     DJ
                 0.867    0.002    0.684      0.867    0.765      0.769    0.932     0.594     U
                 0.776    0.000    0.976      0.776    0.865      0.870    0.888     0.759     UV
                 0.000    0.000    0.000      0.000    0.000      0.000    0.500     0.000     MJ
                 0.581    0.001    0.761      0.581    0.659      0.663    0.790     0.444     DY
                 0.582    0.004    0.655      0.582    0.616      0.612    0.789     0.387     RY
                 0.605    0.000    0.885      0.605    0.719      0.731    0.803     0.536     UC
                 0.848    0.000    0.951      0.848    0.897      0.898    0.924     0.807     DA
                 0.833    0.001    0.595      0.833    0.694      0.704    0.916     0.496     AGD
                 0.789    0.001    0.709      0.789    0.747      0.747    0.894     0.560     UN
                 0.881    0.002    0.747      0.881    0.809      0.810    0.940     0.659     UY
                 0.595    0.001    0.694      0.595    0.641      0.642    0.797     0.414     RQ
                 0.592    0.002    0.519      0.592    0.553      0.552    0.795     0.309     MY
                 0.471    0.000    0.889      0.471    0.615      0.647    0.735     0.419     FJ
                 0.672    0.001    0.683      0.672    0.678      0.677    0.835     0.461     MN
                 0.459    0.002    0.716      0.459    0.560      0.570    0.729     0.334     SX
                 0.100    0.000    0.750      0.100    0.176      0.273    0.550     0.077     DV
                 0.904    0.001    0.872      0.904    0.888      0.887    0.951     0.789     MC
                 0.721    0.001    0.786      0.721    0.752      0.752    0.860     0.568     RC
                 0.538    0.000    1.000      0.538    0.700      0.734    0.769     0.539     IN
                 0.543    0.000    0.833      0.543    0.658      0.672    0.772     0.454     CN
                 1.000    0.000    1.000      1.000    1.000      1.000    1.000     1.000     IQ
                 0.225    0.001    0.617      0.225    0.330      0.370    0.612     0.145     DN
                 0.644    0.001    0.630      0.644    0.637      0.636    0.822     0.407     AGA
                 0.000    0.000    0.000      0.000    0.000      0.000    0.500     0.003     AS
                 0.844    0.000    0.970      0.844    0.903      0.905    0.922     0.820     UA
                 0.488    0.000    0.909      0.488    0.635      0.665    0.744     0.445     SA
                 0.789    0.000    0.789      0.789    0.789      0.789    0.895     0.624     CQ
                 0.361    0.000    0.619      0.361    0.456      0.472    0.680     0.225     L
                 0.375    0.000    0.818      0.375    0.514      0.554    0.687     0.308     IJ
                 0.700    0.000    0.824      0.700    0.757      0.759    0.850     0.577     DD
                 0.765    0.000    0.722      0.765    0.743      0.743    0.882     0.553     FY
                 1.000    0.000    1.000      1.000    1.000      1.000    1.000     1.000     FD
                 0.815    0.000    0.733      0.815    0.772      0.773    0.907     0.598     UJ
                 0.000    0.000    0.000      0.000    0.000      0.000    0.500     0.000     CL
                 0.556    0.000    0.625      0.556    0.588      0.589    0.778     0.347     UQ
                 0.000    0.000    0.000      0.000    0.000      0.000    0.500     0.000     DT
                 0.000    0.000    0.000      0.000    0.000      -0.000   0.500     0.000     FA
                 0.000    0.000    0.000      0.000    0.000      0.000    0.500     0.000     IY
                 0.000    0.000    0.000      0.000    0.000      0.000    0.500     0.000     IA
                 0.000    0.000    0.000      0.000    0.000      0.000    0.500     0.000     DQ
                 0.000    0.000    0.000      0.000    0.000      0.000    0.500     0.000     CD
                 0.000    0.000    0.000      0.000    0.000      0.000    0.500     0.000     AG
                 0.000    0.000    0.000      0.000    0.000      -0.000   0.500     0.000     DI
                 0.000    0.000    0.000      0.000    0.000      0.000    0.500     0.000     FQ
                 0.987    0.001    0.996      0.987    0.992      0.989    0.993     0.987     preserved
Weighted Avg.    0.808    0.007    0.820      0.808    0.803      0.802    0.900     0.698     

=== Confusion Matrix ===

    a    b    c    d    e    f    g    h    i    j    k    l    m    n    o    p    q    r    s    t    u    v    w    x    y    z   aa   ab   ac   ad   ae   af   ag   ah   ai   aj   ak   al   am   an   ao   ap   aq   ar   as   at   au   av   aw   ax   ay   az   ba   bb   bc   bd   be   bf   bg   bh   bi   bj   bk   bl   bm   bn   bo   bp   bq   br   bs   bt   bu   bv   bw   bx   <-- classified as
  662    0    0    0    0    1    0    1   10    1    0    0    0    7    0    0    0    1    5    0    0    1    3    0    0    1    0    0    0    0    2    0    0    0    0    0    0    0    0    0    0    0    2    0    1    0    0    0    0    0    0    0    0    0    0    0    0    0    0    0    0    0    0    0    0    0    0    0    0    0    0    0    0    0    0    2 |    a = MP
    0   27    0    0    0    1    0    0    2    2    0   57    0    1    0    1    0   17    0    0    0    0    0    0    0    0    0    0    0    0    0    0    0    0    0    2    0    0    0    0    0    0    0    0    0    0    0    0    0    0    0    0    0    0    0    0    0    0    0    0    0    0    0    0    0    0    0    0    0    0    0    0    0    0    0    0 |    b = ID
    0    0  696    0    0    1    0    0    3    1    0    0    0    6    0    0    0   16    0    0    0    0    0    0    0    0    0    0    0    0    0    0    0    0    0    1    0    0    0    0    0    0    0    0    0    1    0    0    0    0    0    0    0    0    0    0    0    0    0    0    0    0    0    0    0    0    0    0    0    0    0    0    0    0    0    0 |    c = RT
    0    0    0  213    0    0    0    0    2    0    0    0    0    0    0    0    0    1    0    0    0    0    0    0    0    0    0    0    0    0    0    2    0    0    0    1    0    0    0    2    3    0    0    0    0    0    0    0    0    0    0    0    0    0    0    0    0    0    0    0    0    0    0    0    0    0    0    0    0    0    0    0    0    0    0    0 |    d = UT
    4    0    0    0  169    2    4    0    0    0    0    0    0    0    0    0    0    1    0    0    0    0    0    0    0    2    0    0    0    0    0    0    0    0    0    0    0    0    0    0    0    0    9    0    6    0    0    8    0    0    0    0    0    0    0    0    0    0    0    0    0    0    0    0    0    0    0    0    0    0    0    0    0    0    0    0 |    e = MA
    3    0    0    0    0  634    0    0    3   48    0   36    1   33    0   29   12    4    1    0    1    0    5    0    0    0    3    0    0    0    7    0    0    0    0    0    0    0    0    0    0    0    0    0    0    0    0    0    0    0    0    0    0    0    0    0    0    0    0    0    0    0    0    0    0    0    0    0    0    0    0    0    0    0    0    0 |    f = TV
    0    0    0    0    5    0  656    0    2    0    0    1    0    0    0    0    0    1    1    0    0    0    0    1    0    0    0    0    0    0    0    0    0    0    0    0    0    0    0    0    0    0    2    0    0    0    0    1    0    0    0    0    0    0    0    0    0    0    0    0    0    0    0    0    0    0    0    0    0    0    0    0    0    0    0    0 |    g = MD
    1    0    0    0    0    0    0   49    0    0    0    0    0   38    0    0    1    0    0    0    0    0    3    0   54    0    0    0    0    0    0    0    0    0    0    0    0    0    0    0    0    0    0    0    0    1    0    0    0    0    0    0    0    0    0    0    0    0    0    1    0    0    0    0    0    0    0    0    0    0    0    0    0    0    0    0 |    h = AGN
    5    1    7    0    0    6    1    0  480    8    0   16    0   64    0    0    0   13    3    1    6    0    6    0    1    0    0   12    5    1    0    0    0    0    0   11    0    0    1    0    0    0    0    0    0    0    0    0    2    0    0    0    1    1    0    0    0    0    0    0    0    0    0    0    0    0    0    0    0    0    0    0    0    0    0    0 |    i = RP
    0    0    1    0    0   44    0    0    5  658    0    8    1   98    0   10    0   57    2    0    0    0   12    0    0    0    3    0    0    0    3    0    0    0    0    0    0    0    0    0    0    0    0    0    0    3    0    0    0    0    0    0    0    0    0    0    0    0    1    0    0    0    0    0    0    0    0    0    0    0    0    0    0    0    0    0 |    j = RV
    1    0    0    0    0    1    0    0    0    0  137    1    0    0    0    0    0    1    0    0    0    0    0    0    0    6    0    0    0    0    0    0    0    0    0    0    0    0    0    0    0    0    3    0    8    0    0    0    0    0    0    0    0    0    0    0    0    0    0    0    0    0    0    0    0    0    0    0    0    0    0    0    0    0    0    0 |    k = MV
    0    1    0    0    0   10    0    0    2    0    0  318    0    0    0    0    0   10    1    0    0    0    0    0    0    0    0    0    0    0    0    4    0    0    0    0    0    0    0    0    0    0    0    0    0    1    0    0    0    0    0    0    0    0    0    0    0    0    0    0    0    0    0    0    0    0    0    0    0    0    0    0    0    0    0    0 |    l = W
    1    0    0    0    0    5    0    0    0    0    0   19    5    1    0    0    0    2    0    0    0    0    0    0    0    0    0    2    1    0    0    0    0    0    0    2    0    0    0    0    0    0    0    0    0    0    0    0    0    0    0    0    0    0    0    0    0    0    0    0    0    0    0    0    0    0    0    0    0    0    0    0    0    0    0    0 |    m = X
    0    0    7    0    0    6    0    2    8   31    0    1    0  745    0    0    1    4    2    0    2    0   22    0    7    0    1    0    0    0   14    0    0    0    7   15    0    0    0    0    0    0    0    1    0    4    1    0    1    0    0    0    2    0    0    0    1    0    0    0    0    0    0    0    0    0    0    0    0    0    0    0    0    0    0    1 |    n = S
    0    0    0    0    0    0    0    0    0    0    0    0    0    0    0    0    0   26    0    0    0    0    0    0    0    0    0    0    0    0    0    0    0    0    0    0    0    0    0    0    0    0    0    0    0    0    0    0    0    0    0    0    0    0    0    0    0    0    0    0    0    0    0    0    0    0    0    0    0    0    0    0    0    0    0    0 |    o = CE
    0    0    0    0    0   17    0    0    1   11    0    0    0    8    0  274    2    3    0    0    0    0    2    0    2    0    1    0    0    0    1    0    0    0    0    0    0    0    0    0    0    0    0    0    0    0    0    0    0    0    0    0    1    0    0    0    0    0    0    0    0    0    0    0    0    0    0    0    0    0    0    0    0    0    0    1 |    p = FV
    1    0    0    0    0    6    0    2    0    5    0    0    0    7    0    2  162    0    0    0    1    0    0    0    6    0    0    0    0    0    0    0    0    0    0    0    0    0    0    0    0    0    0    0    0    0    0    0    0    0    2    0    0    0    0    0    0    0    0    0    0    0    0    0    0    0    0    0    0    0    0    0    0    0    0    0 |    q = AGV
    1    0   25    0    1   10    0    0   24   13    0   47    0   23    0    4    0  257    7    0    2    0    5    0    1    0    1    7   16    0    3    0    0    0    0   13    0    0    0    0    0    3    0    0    0   11    0    0    2    0    0    0    1    0    0    0    0    1    0    0    1    1    0    0    0    0    0    0    0    0    0    0    0    0    0    3 |    r = R
    2    0    0    0    0    3    0    0    5    6    0    5    0   45    0    1    0   35  100    0    2    0    1    0    0    0    0    0    0    0    7    0    0    0    1    2    0    0    0    0    0    0    0    0    0    0    0    0    0    0    0    0    6    0    0    0    1    1    0    0    0    0    0    0    0    0    0    0    0    0    0    0    0    0    0    0 |    s = RJ
    0    0    0    0    0    0    0    0    3    1    0    2    0    0    0    0    0    0    0  329    0    0    0    0    0    0    0    0    0    0    1    0    0    0    0    0    0    0    0    1    0    0    0    0    0    0    0    0    0    0    0    0    0    0    0    0    0    0    0    0    0    0    0    0    0    1    0    0    0    0    0    0    0    0    0    0 |    t = UD
    0    0    1    0    0    2    0    0    9    1    0    0    0   15    0    0    0    3    2    0  272    0    0    0    0    0    0    0    0    0    0    4    0    0    0    1    0    0    0    3    4    0    0    0    0    0    0    0    0    0    0    0    2    0    0    0    0    0    0    0    0    0    0    1    0    0    0    0    0    0    0    0    0    0    0    1 |    u = UP
    0    0    1    0    1    0    1    0    2    0    2    0    0    0    0    0    0    0    0    0    0  316    0    0    0    2    0    0    0    0    0    0    0    0    0    0    0    0    0    0    0    0    6    0    1    0    0    0    0    0    0    0    0    0    0    0    0    0    0    0    0    0    0    0    0    0    0    0    0    0    0    0    0    0    0    0 |    v = MT
    0    0    0    0    0    7    0    3   14    6    0    3    0  187    0    6    0   55    1    0    0    0  146    0    5    0    0    0    0    0    0    0    0    0    0    0    0    0    0    0    0    0    0    0    0    0    0    0    0    0    1    0    2    0    0    0    0    0    1    0    0    0    0    0    0    0    0    0    0    0    0    0    0    0    0    0 |    w = RN
    0    0    0    0    0    0    0    0    0    0    0    0    0    0    0    0    0    0    0    0    0    0    0   36    0    1    0    0    0    0    0    0    0    0    0    0    0    0    0    0    0    0    1    0    0    0    0    0    0    0    0    0    0    0    0    0    0    0    0    0    0    0    0    0    0    0    0    0    0    0    0    0    0    0    0    0 |    x = MQ
    0    0    0    0    0    0    0   28    3    0    0    2    0   60    0    0    1    0    1    0    0    0    6    0   94    0    0    0    0    0    0    0    0    0    0    0    0    0    0    0    0    0    0    0    0    0    0    0    0    0    2    0    0    0    0    0    0    0    0    0    0    0    0    0    0    0    0    0    0    0    0    0    0    0    0    2 |    y = FN
    0    0    0    0    1    0    0    0    1    0    1    0    1    3    0    0    0    1    0    0    0    0    0    0    0  136    0    0    0    0    0    0    0    0    0    0    0    0    0    0    0    0    2    0    0    0    0    0    0    0    0    0    0    0    0    0    0    0    0    0    0    0    0    0    0    0    0    0    0    0    0    0    0    0    0    0 |    z = M
    0    0    0    0    0    8    0    0    0   11    0    0    0   19    0    7    0    1    0    0    0    0    0    0    1    0   56    0    0    0    0    0    0    0    0    0    0    0    0    0    0    0    0    0    0    0    0    0    0    0    0    0    0    0    0    0    0    0    0    0    0    0    0    0    0    0    0    0    0    0    0    0    0    0    0    0 |   aa = IV
    0    0    0    0    0    0    0    0    9    0    0    0    0   10    0    0    0    6    0    0    2    0    0    0    0    0    0  174    1    0    0    0    0    0    0    1    0    1    5    0    0    1    0    0    0    0    0    0    0    0    0    0    0   15    0    0    0    0    0    0    0    0    0    0    0    0    0    0    0    0    0    0    0    0    0    1 |   ab = RA
    0    0    0    0    0    0    0    0    3    0    0    0    0    0    0    0    0    4    0    0    0    0    0    0    0    0    0    1  134    0    0    0    0    0    0    0    0    0    4    0    0    0    0    0    0    1    0    0    0    0    0    0    0    0    0    0    0    0    0    0    0    0    0    0    0    0    0    0    0    0    0    0    0    0    0    0 |   ac = RD
    1    0    0    0    0    0    0    0    1    0    0    0    0    1    0    0    0    0    0    0    0    0    0    0    0    0    0    0    0    4    0    0    0    0    0    0    0    0    2    0    0    1    0    0    0    0    0    0    0    0    0    0    0    0    0    0    0    0    1    0    0    0    0    0    0    0    0    0    0    0    0    0    0    0    0    0 |   ad = AGQ
    3    0    0    0    0    3    0    0    1    3    0    1    0   79    0    1    0    8    9    0    0    0    0    0    1    0    0    0    0    0   23    0    0    0    0    0    0    0    0    0    0    0    0    0    0    1    0    0    0    0    0    0    0    0    0    0    0    0    0    1    0    0    0    0    0    0    0    0    0    0    0    0    0    0    0    0 |   ae = DJ
    0    0    0    0    0    0    0    0    0    0    0    0    0    0    0    0    0    1    0    0    1    0    0    0    0    0    0    0    0    0    0   65    1    0    0    0    0    0    0    4    2    0    0    0    0    0    0    0    0    0    0    0    0    0    0    1    0    0    0    0    0    0    0    0    0    0    0    0    0    0    0    0    0    0    0    0 |   af = U
    0    0    0    1    0    0    0    0    0    0    0    0    0    0    0    0    0    0    0    0    1    0    0    0    0    0    0    1    0    0    0    9   83    0    0    1    0    0    0    6    4    0    0    0    0    0    0    0    0    0    0    0    0    0    0    0    0    0    0    0    0    0    0    0    0    0    0    0    0    0    0    0    0    0    0    1 |   ag = UV
    0    0    0    0    1    0    0    0    0    0    1    0    0    0    0    0    0    0    0    0    0    0    0    2    0    0    0    0    0    0    0    0    0    0    0    0    0    0    0    0    0    0    3    0    0    0    0    0    0    0    0    0    0    0    0    0    0    0    0    0    0    0    0    0    0    0    0    0    0    0    0    0    0    0    0    0 |   ah = MJ
    0    0    0    0    0    0    0    0    0    0    0    0    0   25    0    0    0    1    1    0    0    0    0    0    0    0    0    0    0    0    0    0    0    0   54   11    0    0    0    0    0    1    0    0    0    0    0    0    0    0    0    0    0    0    0    0    0    0    0    0    0    0    0    0    0    0    0    0    0    0    0    0    0    0    0    0 |   ai = DY
    0    2    4    0    0    1    0    0    9    1    0    3    3   26    0    0    0   31    0    0    0    0    1    0    0    0    0    1    0    0    1    0    0    0    8  135    0    0    0    0    0    0    0    0    0    3    0    0    1    0    0    0    0    0    0    0    0    0    0    0    0    2    0    0    0    0    0    0    0    0    0    0    0    0    0    0 |   aj = RY
    1    0    0    4    0    0    0    0    0    0    0    0    0    0    0    0    0    1    0    0    0    0    0    0    0    0    0    0    0    0    0    1    0    0    0    0   23    0    0    3    5    0    0    0    0    0    0    0    0    0    0    0    0    0    0    0    0    0    0    0    0    0    0    0    0    0    0    0    0    0    0    0    0    0    0    0 |   ak = UC
    0    0    0    0    0    0    0    0    1    0    0    0    0    1    0    0    0    0    0    0    0    0    0    0    0    0    0    2    0    0    0    0    0    0    0    0    0   39    0    0    0    0    0    0    0    0    0    0    0    0    0    0    1    0    0    0    0    0    0    0    1    0    0    0    0    0    0    0    0    0    0    0    0    0    0    1 |   al = DA
    0    0    0    0    0    0    0    0    0    0    0    0    0    0    0    0    0    0    0    0    0    0    0    0    0    0    0    1    3    1    0    0    0    0    0    0    0    0   25    0    0    0    0    0    0    0    0    0    0    0    0    0    0    0    0    0    0    0    0    0    0    0    0    0    0    0    0    0    0    0    0    0    0    0    0    0 |   am = AGD
    0    0    0    0    0    0    0    0    1    0    0    1    0    0    0    0    0    0    0    0    0    0    1    0    0    0    0    0    0    0    0    3    0    0    0    0    0    0    0   56    3    0    0    0    0    0    0    0    0    0    0    0    0    0    0    0    0    0    0    0    0    0    0    6    0    0    0    0    0    0    0    0    0    0    0    0 |   an = UN
    0    0    0    1    0    1    0    0    1    1    0    1    0    0    0    0    0    0    0    1    0    0    0    0    0    0    0    0    0    0    0    0    0    0    0    0    1    0    0    3   74    0    0    0    0    0    0    0    0    0    0    0    0    0    0    0    0    0    0    0    0    0    0    0    0    0    0    0    0    0    0    0    0    0    0    0 |   ao = UY
    1    0    0    0    0    0    0    0    0    0    0    2    0    1    0    0    0    7    0    0    0    0    0    0    0    0    0    0    1    0    0    0    0    0    0    0    0    0    0    0    0   25    0    0    0    0    0    0    0    0    0    0    0    0    0    0    0    1    3    0    0    0    0    0    0    0    0    0    0    0    0    0    0    0    0    1 |   ap = RQ
    5    0    0    0    0    1    1    0    0    0    2    0    0    0    0    0    0    0    0    0    0    9    0    3    0    3    0    0    0    0    0    0    0    0    0    0    0    0    0    0    0    0   42    0    3    0    0    2    0    0    0    0    0    0    0    0    0    0    0    0    0    0    0    0    0    0    0    0    0    0    0    0    0    0    0    0 |   aq = MY
    0    0    0    0    0    0    0    0    0    0    0    1    0    3    0    0    0    0    2    0    0    0    0    0    0    0    0    0    0    0    1    0    0    0    0    0    0    0    0    0    0    0    0    8    0    0    0    0    0    0    0    0    0    0    0    0    0    0    0    0    0    2    0    0    0    0    0    0    0    0    0    0    0    0    0    0 |   ar = FJ
    5    0    0    0    2    1    0    0    0    0    2    0    0    0    0    0    0    0    0    0    0    0    0    0    0    5    0    0    0    0    0    0    0    0    0    0    0    0    0    0    0    0    5    0   41    0    0    0    0    0    0    0    0    0    0    0    0    0    0    0    0    0    0    0    0    0    0    0    0    0    0    0    0    0    0    0 |   as = MN
    1    0    3    0    0    2    0    1    3   12    0    1    0   24    0    1    0   12    2    0    1    0    1    0    0    0    0    2    1    0    1    0    0    0    0    5    0    1    0    0    0    0    0    0    0   68    0    0    5    0    0    0    1    0    0    0    0    0    0    0    0    0    0    0    0    0    0    0    0    0    0    0    0    0    0    0 |   at = SX
    0    0    0    0    0    3    0    0    0    1    0    0    0   14    0    0    0    8    0    0    0    0    1    0    0    0    0    0    0    0    0    0    0    0    0    0    0    0    0    0    0    0    0    0    0    0    3    0    0    0    0    0    0    0    0    0    0    0    0    0    0    0    0    0    0    0    0    0    0    0    0    0    0    0    0    0 |   au = DV
    0    0    0    0    0    0    0    0    0    0    0    0    0    0    0    0    0    0    0    0    0    3    0    0    0    0    0    0    0    0    0    0    0    0    0    0    0    0    0    0    0    0    5    0    0    0    0   75    0    0    0    0    0    0    0    0    0    0    0    0    0    0    0    0    0    0    0    0    0    0    0    0    0    0    0    0 |   av = MC
    0    0    2    0    0    0    0    0    3    0    0    0    0    0    0    0    0    8    0    0    0    0    0    0    0    0    0    0    0    0    0    0    0    0    0    1    0    0    0    0    0    0    0    0    0    1    0    0   44    0    0    0    0    0    0    0    0    0    2    0    0    0    0    0    0    0    0    0    0    0    0    0    0    0    0    0 |   aw = RC
    0    0    0    0    0    0    0    1    0    0    0    0    0    6    0    0    0    0    0    0    0    0    0    0    5    0    0    0    0    0    0    0    0    0    0    0    0    0    0    0    0    0    0    0    0    0    0    0    0   14    0    0    0    0    0    0    0    0    0    0    0    0    0    0    0    0    0    0    0    0    0    0    0    0    0    0 |   ax = IN
    0    0    0    0    0    0    0    0    2    0    0    0    0    5    0    0    2    0    0    0    0    0    0    0   12    0    0    0    0    0    0    0    0    0    0    0    0    0    0    0    0    0    0    0    0    0    0    0    0    0   25    0    0    0    0    0    0    0    0    0    0    0    0    0    0    0    0    0    0    0    0    0    0    0    0    0 |   ay = CN
    0    0    0    0    0    0    0    0    0    0    0    0    0    0    0    0    0    0    0    0    0    0    0    0    0    0    0    0    0    0    0    0    0    0    0    0    0    0    0    0    0    0    0    0    0    0    0    0    0    0    0    3    0    0    0    0    0    0    0    0    0    0    0    0    0    0    0    0    0    0    0    0    0    0    0    0 |   az = IQ
    0    0    0    0    0    2    0    0   10    8    0    4    0   40    0    1    0   13    4    0    4    0   11    0    3    0    0    0    0    0    0    0    0    0    0    0    0    0    0    0    0    0    0    0    0    0    0    0    0    0    0    0   29    0    0    0    0    0    0    0    0    0    0    0    0    0    0    0    0    0    0    0    0    0    0    0 |   ba = DN
    0    0    0    0    0    0    0    0    3    0    0    0    0    0    0    0    0    0    0    0    0    0    0    0    0    0    0    8    0    0    0    0    0    0    0    0    0    0    4    0    0    0    0    0    0    0    0    0    0    0    0    0    0   29    0    0    0    0    0    0    0    0    0    0    0    0    0    1    0    0    0    0    0    0    0    0 |   bb = AGA
    0    0    0    0    0    1    0    0    0    0    0   55    0    0    0    0    0    0    0    0    0    0    0    0    0    0    0    0    0    0    0    0    0    0    0    0    0    0    0    0    0    0    0    0    0    0    0    0    0    0    0    0    0    0    0    0    0    0    0    0    0    0    0    0    0    0    0    0    0    0    0    0    0    0    0    0 |   bc = AS
    0    0    0    0    0    0    0    0    0    0    0    0    0    0    0    0    0    0    0    1    0    0    0    0    0    0    0    0    0    0    0    4    0    0    0    0    1    0    0    1    2    0    0    0    0    0    0    0    0    0    0    0    0    0    0   65    0    0    0    0    0    0    0    1    0    2    0    0    0    0    0    0    0    0    0    0 |   bd = UA
    0    0    0    0    0    0    0    0    0    1    0    0    0   17    0    0    0    0    2    0    0    0    0    0    0    0    0    0    0    0    0    0    0    0    0    1    0    0    0    0    0    0    0    0    0    0    0    0    0    0    0    0    0    0    0    0   20    0    0    0    0    0    0    0    0    0    0    0    0    0    0    0    0    0    0    0 |   be = SA
    0    0    0    0    0    0    0    0    0    0    0    0    0    2    0    0    0    2    0    0    0    0    0    0    0    0    0    0    0    0    0    0    0    0    0    0    0    0    0    0    0    0    0    0    0    0    0    0    0    0    0    0    0    0    0    0    0   15    0    0    0    0    0    0    0    0    0    0    0    0    0    0    0    0    0    0 |   bf = CQ
    0    0    0    0    0    0    0    0    1    4    0    4    0    3    0    0    0    3    0    0    0    0    3    0    0    0    0    0    0    0    0    0    0    0    0    0    0    0    0    0    0    4    0    0    0    0    0    0    1    0    0    0    0    0    0    0    0    0   13    0    0    0    0    0    0    0    0    0    0    0    0    0    0    0    0    0 |   bg = L
    0    0    0    0    0    0    0    1    1    0    0    3    0    5    0    0    2    0    1    0    0    0    1    0    0    0    0    0    0    0    1    0    0    0    0    0    0    0    0    0    0    0    0    0    0    0    0    0    0    0    0    0    0    0    0    0    0    0    0    9    0    0    0    0    0    0    0    0    0    0    0    0    0    0    0    0 |   bh = IJ
    0    0    0    0    0    0    0    0    1    0    0    0    0    3    0    0    0    0    0    0    0    0    0    0    0    0    0    0    1    0    0    0    0    0    0    0    0    0    0    0    0    0    0    0    0    0    0    0    0    0    0    0    0    0    0    0    0    0    0    0   14    0    0    0    0    0    0    0    0    0    0    0    0    1    0    0 |   bi = DD
    0    0    0    0    0    0    0    0    0    0    0    0    0    0    0    0    0    0    0    0    0    0    0    0    0    0    0    0    0    0    1    0    0    0    0    2    0    0    0    0    0    0    0    0    0    0    0    0    0    0    0    0    0    0    0    0    0    1    0    0    0   13    0    0    0    0    0    0    0    0    0    0    0    0    0    0 |   bj = FY
    0    0    0    0    0    0    0    0    0    0    0    0    0    0    0    0    0    0    0    0    0    0    0    0    0    0    0    0    0    0    0    0    0    0    0    0    0    0    0    0    0    0    0    0    0    0    0    0    0    0    0    0    0    0    0    0    0    0    0    0    0    0   29    0    0    0    0    0    0    0    0    0    0    0    0    0 |   bk = FD
    0    0    0    0    0    0    0    0    0    0    0    0    0    0    0    0    0    1    0    0    0    0    0    0    0    0    0    0    0    0    0    1    1    0    0    0    1    0    0    0    1    0    0    0    0    0    0    0    0    0    0    0    0    0    0    0    0    0    0    0    0    0    0   22    0    0    0    0    0    0    0    0    0    0    0    0 |   bl = UJ
    0    0    0    0    0    0    0    0    2    1    0    0    0    0    0    0    0    0    0    0    0    0    0    0    0    0    0    0    0    0    0    0    0    0    0    0    0    0    0    0    0    0    0    0    0    0    0    0    0    0    0    0    1    0    0    0    0    0    0    0    0    0    0    0    0    0    0    0    0    0    0    0    0    0    0    0 |   bm = CL
    0    0    0    0    0    0    0    0    1    0    0    0    0    0    0    0    0    0    0    0    0    0    0    0    0    0    0    0    0    0    0    2    0    0    0    0    0    0    0    0    0    0    0    0    0    0    0    0    0    0    0    0    0    0    0    1    0    0    0    0    0    0    0    0    0    5    0    0    0    0    0    0    0    0    0    0 |   bn = UQ
    0    0    1    0    0    0    0    0    0    0    0    2    0    0    0    1    0    0    0    0    0    0    0    0    0    0    0    0    0    0    0    0    0    0    0    0    0    0    0    0    0    0    0    0    0    0    0    0    0    0    0    0    0    0    0    0    0    0    0    0    0    0    0    0    0    0    0    0    0    0    0    0    0    0    0    0 |   bo = DT
    0    0    0    0    0    0    0    0    0    0    0    0    0    1    0    0    0    0    0    0    0    0    0    0    0    0    0    1    0    0    0    0    0    0    0    0    0    0    0    0    0    0    0    0    0    0    0    0    0    0    0    0    0    1    0    0    0    0    0    0    0    0    0    0    0    0    0    0    0    0    0    0    0    0    0    0 |   bp = FA
    0    0    0    0    0    0    0    0    1    0    0    0    0    0    0    0    0    1    0    0    0    0    0    0    0    0    0    0    0    0    0    0    0    0    0    0    0    0    0    0    0    0    0    0    0    0    0    0    0    0    0    0    0    0    0    0    0    0    0    0    0    0    0    0    0    0    0    0    0    0    0    0    0    0    0    0 |   bq = IY
    0    0    0    0    0    0    0    0    0    0    0    0    0    1    0    0    0    0    0    0    0    0    0    0    0    0    0    0    0    0    0    0    0    0    0    0    0    0    0    0    0    0    0    0    0    0    0    0    0    0    0    0    0    0    0    0    0    0    0    0    0    0    0    0    0    0    0    0    0    0    0    0    0    0    0    0 |   br = IA
    0    0    0    0    0    0    0    0    0    0    0    0    1    0    0    0    0    0    0    0    0    0    0    0    0    0    0    0    1    0    0    0    0    0    0    0    0    0    0    0    0    0    0    0    0    0    0    0    0    0    0    0    0    0    0    0    0    0    0    0    0    0    0    0    0    0    0    0    0    0    0    0    0    0    0    0 |   bs = DQ
    0    0    0    0    0    0    0    0    0    0    0    0    0    0    0    0    0    0    0    0    0    0    0    0    0    0    0    0    1    0    0    0    0    0    0    0    0    0    1    0    0    0    0    0    0    0    0    0    0    0    0    0    0    0    0    0    0    0    0    0    0    0    0    0    0    0    0    0    0    0    0    0    0    0    0    0 |   bt = CD
    0    0    0    0    0    0    0    0    1    0    0    2    0    0    0    0    0    0    0    0    0    0    0    0    0    0    0    0    0    0    0    0    0    0    0    0    0    0    0    0    0    0    0    0    0    0    0    0    0    0    0    0    0    0    0    0    0    0    0    0    0    0    0    0    0    0    0    0    0    0    0    0    0    0    0    0 |   bu = AG
    0    0    0    0    0    1    0    0    0    0    0    0    0    1    0    0    1    0    0    0    0    0    0    0    0    0    0    0    0    0    0    0    0    0    0    0    0    0    0    0    0    0    0    0    0    0    0    0    0    0    0    0    0    0    0    0    0    0    0    0    1    0    0    0    0    0    0    0    0    0    0    0    0    0    0    0 |   bv = DI
    0    0    0    0    0    0    0    0    0    0    0    0    0    0    0    0    0    0    1    0    0    0    0    0    0    0    0    0    0    0    0    0    0    0    0    0    0    0    0    0    0    0    0    0    0    0    0    0    0    0    0    0    0    0    0    0    0    0    0    0    0    0    0    0    0    0    0    0    0    0    0    0    0    0    0    0 |   bw = FQ
    4    0    6    0    0    1    0    0    7    5    0    0    0    3    0    0    0   12    0    0    4    0    1    0    2    0    0    2    1    0    0    0    0    0    1    1    0    0    0    0    1    1    1    0    0    0    0    0    0    0    0    0    0    0    0    0    0    0    0    0    0    0    0    0    0    0    0    0    0    0    0    0    0    0    0 3974 |   bx = preserved

