=== Run information ===

Scheme:       weka.classifiers.functions.LibSVM -S 0 -K 0 -D 3 -G 0.0 -R 0.0 -N 0.5 -M 40.0 -C 1.0 -E 0.001 -P 0.1 -model /Users/hvt/Downloads/weka-3-8-0 -seed 1
Relation:     FCE-100-weka.filters.unsupervised.attribute.NumericToBinary-Rfirst-last
Instances:    20000
Attributes:   11
              s_str
              t_str
              st_samestr_binarized
              s_stem
              t_stem
              st_samestem_binarized
              s_pos
              t_pos
              st_precede_binarized
              st_follow_binarized
              class
Test mode:    5-fold cross-validation

=== Classifier model (full training set) ===

LibSVM wrapper, original code by Yasser EL-Manzalawy (= WLSVM)

Time taken to build model: 56.2 seconds

=== Stratified cross-validation ===
=== Summary ===

Correctly Classified Instances       15152               75.76   %
Incorrectly Classified Instances      4848               24.24   %
Kappa statistic                          0.747 
Mean absolute error                      0.0064
Root mean squared error                  0.0799
Relative absolute error                 25.2117 %
Root relative squared error             71.0139 %
Total Number of Instances            20000     

=== Detailed Accuracy By Class ===

                 TP Rate  FP Rate  Precision  Recall   F-Measure  MCC      ROC Area  PRC Area  Class
                 0.953    0.002    0.962      0.953    0.957      0.955    0.975     0.919     MP
                 0.324    0.000    0.846      0.324    0.468      0.521    0.662     0.278     ID
                 0.965    0.004    0.939      0.965    0.952      0.949    0.980     0.908     RT
                 0.945    0.001    0.959      0.945    0.952      0.951    0.972     0.907     UT
                 0.893    0.001    0.916      0.893    0.904      0.903    0.946     0.820     MA
                 0.758    0.013    0.798      0.758    0.777      0.763    0.873     0.620     TV
                 0.985    0.001    0.985      0.985    0.985      0.984    0.992     0.970     MD
                 0.227    0.004    0.454      0.227    0.303      0.315    0.612     0.113     AGN
                 0.744    0.021    0.691      0.744    0.717      0.698    0.861     0.530     RP
                 0.685    0.014    0.766      0.685    0.724      0.708    0.836     0.545     RV
                 0.883    0.000    0.975      0.883    0.927      0.927    0.941     0.862     MV
                 0.927    0.021    0.556      0.927    0.695      0.708    0.953     0.517     W
                 0.065    0.000    0.375      0.065    0.111      0.156    0.532     0.027     X
                 0.827    0.068    0.502      0.827    0.625      0.608    0.880     0.428     S
                 0.000    0.000    0.000      0.000    0.000      0.000    0.500     0.003     CE
                 0.826    0.006    0.806      0.826    0.816      0.810    0.910     0.671     FV
                 0.848    0.002    0.864      0.848    0.856      0.853    0.923     0.735     AGV
                 0.616    0.029    0.487      0.616    0.544      0.525    0.794     0.316     R
                 0.487    0.003    0.759      0.487    0.593      0.603    0.742     0.379     RJ
                 0.944    0.001    0.981      0.944    0.962      0.962    0.972     0.928     UD
                 0.890    0.004    0.875      0.890    0.882      0.879    0.943     0.782     UP
                 0.959    0.001    0.959      0.959    0.959      0.958    0.979     0.922     MT
                 0.379    0.008    0.659      0.379    0.481      0.486    0.686     0.273     RN
                 0.878    0.000    1.000      0.878    0.935      0.937    0.939     0.878     MQ
                 0.536    0.008    0.513      0.536    0.524      0.517    0.764     0.283     FN
                 0.921    0.001    0.899      0.921    0.910      0.909    0.960     0.829     M
                 0.561    0.001    0.851      0.561    0.676      0.689    0.780     0.480     IV
                 0.748    0.003    0.804      0.748    0.775      0.772    0.873     0.605     RA
                 0.903    0.003    0.831      0.903    0.866      0.864    0.950     0.752     RD
                 0.611    0.001    0.524      0.611    0.564      0.565    0.805     0.320     AGQ
                 0.431    0.003    0.591      0.431    0.499      0.500    0.714     0.261     DJ
                 0.927    0.002    0.737      0.927    0.821      0.825    0.962     0.684     U
                 0.836    0.000    0.965      0.836    0.896      0.898    0.918     0.808     UV
                 0.810    0.000    0.810      0.810    0.810      0.809    0.905     0.656     MJ
                 0.519    0.002    0.678      0.519    0.588      0.590    0.759     0.356     DY
                 0.556    0.005    0.629      0.556    0.590      0.585    0.775     0.357     RY
                 0.694    0.000    0.827      0.694    0.754      0.757    0.847     0.574     UC
                 0.905    0.000    0.927      0.905    0.916      0.915    0.952     0.839     DA
                 0.867    0.001    0.765      0.867    0.813      0.814    0.933     0.663     AGD
                 0.856    0.004    0.519      0.856    0.646      0.664    0.926     0.445     UN
                 0.544    0.001    0.785      0.544    0.642      0.652    0.772     0.429     UY
                 0.542    0.001    0.640      0.542    0.587      0.588    0.771     0.348     RQ
                 0.703    0.001    0.816      0.703    0.755      0.756    0.851     0.575     MY
                 0.483    0.000    0.824      0.483    0.609      0.630    0.741     0.398     FJ
                 0.889    0.002    0.640      0.889    0.744      0.753    0.943     0.569     MN
                 0.455    0.002    0.791      0.455    0.577      0.596    0.726     0.367     SX
                 0.132    0.000    0.625      0.132    0.217      0.286    0.566     0.084     DV
                 0.791    0.000    0.938      0.791    0.858      0.861    0.895     0.743     MC
                 0.633    0.001    0.746      0.633    0.685      0.686    0.816     0.474     RC
                 0.436    0.000    0.889      0.436    0.585      0.622    0.718     0.389     IN
                 0.434    0.000    0.818      0.434    0.567      0.595    0.717     0.357     CN
                 0.875    0.000    0.778      0.875    0.824      0.825    0.937     0.681     IQ
                 0.230    0.003    0.438      0.230    0.302      0.312    0.613     0.109     DN
                 0.583    0.001    0.689      0.583    0.632      0.633    0.791     0.403     AGA
                 0.000    0.000    0.000      0.000    0.000      -0.001   0.500     0.005     AS
                 0.797    0.000    0.950      0.797    0.867      0.869    0.898     0.759     UA
                 0.798    0.001    0.888      0.798    0.840      0.841    0.899     0.709     SA
                 0.500    0.000    0.462      0.500    0.480      0.480    0.750     0.231     CQ
                 0.333    0.001    0.613      0.333    0.432      0.451    0.666     0.206     L
                 0.419    0.000    0.947      0.419    0.581      0.629    0.709     0.398     IJ
                 0.833    0.000    0.909      0.833    0.870      0.870    0.917     0.758     DD
                 0.412    0.000    0.700      0.412    0.519      0.537    0.706     0.289     FY
                 0.921    0.000    0.972      0.921    0.946      0.946    0.961     0.896     FD
                 0.694    0.000    0.781      0.694    0.735      0.736    0.847     0.543     UJ
                 0.400    0.000    1.000      0.400    0.571      0.632    0.700     0.400     CL
                 0.727    0.000    0.889      0.727    0.800      0.804    0.864     0.647     UQ
                 0.000    0.000    0.000      0.000    0.000      -0.000   0.500     0.000     DT
                 0.000    0.000    0.000      0.000    0.000      -0.000   0.500     0.000     FA
                 0.000    0.000    0.000      0.000    0.000      0.000    0.500     0.000     IY
                 0.333    0.000    1.000      0.333    0.500      0.577    0.667     0.334     IA
                 0.000    0.000    0.000      0.000    0.000      0.000    0.500     0.000     DQ
                 0.000    0.000    0.000      0.000    0.000      -0.000   0.500     0.000     CD
                 0.000    0.000    0.000      0.000    0.000      0.000    ?         ?         AG
                 0.000    0.000    0.000      0.000    0.000      0.000    0.500     0.000     DI
                 0.000    0.000    0.000      0.000    0.000      0.000    ?         ?         FQ
                 0.000    0.000    0.000      0.000    0.000      0.000    ?         ?         preserved
Weighted Avg.    0.758    0.012    0.768      0.758    0.751      0.747    0.873     0.614     

=== Confusion Matrix ===

    a    b    c    d    e    f    g    h    i    j    k    l    m    n    o    p    q    r    s    t    u    v    w    x    y    z   aa   ab   ac   ad   ae   af   ag   ah   ai   aj   ak   al   am   an   ao   ap   aq   ar   as   at   au   av   aw   ax   ay   az   ba   bb   bc   bd   be   bf   bg   bh   bi   bj   bk   bl   bm   bn   bo   bp   bq   br   bs   bt   bu   bv   bw   bx   <-- classified as
 1124    0    0    0    1    0    0    0   12    2    0    2    0   12    0    0    0    5    0    0    0    0    4    0    0    4    0    0    0    0    8    0    0    0    0    2    0    0    0    0    0    0    0    0    2    0    0    0    0    0    0    0    1    0    0    0    0    0    0    0    0    0    0    0    0    0    0    0    0    0    0    0    0    0    0    0 |    a = MP
    0   44    1    0    0    2    0    0    3    1    0   55    0    1    0    0    0   22    0    0    0    0    2    0    0    0    0    0    0    0    0    0    0    0    1    3    0    0    0    0    0    0    0    0    0    0    0    0    0    0    0    0    0    0    0    0    0    0    0    0    0    0    0    0    0    0    1    0    0    0    0    0    0    0    0    0 |    b = ID
    0    0 1154    0    0    0    0    0    5    0    0    2    0   10    0    0    0   16    0    0    1    0    1    0    0    0    0    0    0    0    0    0    0    0    0    3    0    0    0    0    0    0    0    0    0    3    0    0    0    0    0    0    0    0    0    0    0    0    1    0    0    0    0    0    0    0    0    0    0    0    0    0    0    0    0    0 |    c = RT
    0    0    0  393    0    0    0    0    1    0    0    1    0    0    0    1    0    2    0    0    1    0    0    0    0    0    0    0    0    0    0    3    0    0    0    1    0    0    0   10    3    0    0    0    0    0    0    0    0    0    0    0    0    0    0    0    0    0    0    0    0    0    0    0    0    0    0    0    0    0    0    0    0    0    0    0 |    d = UT
    2    0    0    0  317    2    1    0    1    0    0    1    0    4    0    0    0    0    0    0    0    0    0    0    0    2    0    0    0    0    0    0    0    0    0    0    0    0    0    0    0    0    8    0   12    0    0    5    0    0    0    0    0    0    0    0    0    0    0    0    0    0    0    0    0    0    0    0    0    0    0    0    0    0    0    0 |    e = MA
    2    0    0    0    0  936    0    1   17   67    0   50    0   48    0   60   24    4    0    0    6    0    1    0    2    0    5    0    0    0    7    0    0    0    0    0    0    0    0    0    0    0    0    0    0    1    0    0    0    0    0    0    4    0    0    0    0    0    0    0    0    0    0    0    0    0    0    0    0    0    0    0    0    0    0    0 |    f = TV
    0    0    0    0    7    0 1156    0    5    0    0    1    0    1    0    0    0    4    0    0    0    0    0    0    0    0    0    0    0    0    0    0    0    0    0    0    0    0    0    0    0    0    0    0    0    0    0    0    0    0    0    0    0    0    0    0    0    0    0    0    0    0    0    0    0    0    0    0    0    0    0    0    0    0    0    0 |    g = MD
    1    0    0    0    0    1    0   59   11    0    0    0    0   71    0    1    3    1    0    0    2    0    9    0   98    0    0    0    0    0    0    0    0    0    0    0    0    0    0    0    0    0    0    0    0    0    0    0    0    0    1    0    1    0    0    0    1    0    0    0    0    0    0    0    0    0    0    0    0    0    0    0    0    0    0    0 |    h = AGN
   10    1   12    0    0   10    8    0  896   14    0   29    0  124    0    0    0   15    5    0   20    0   16    0    3    0    0    7    4    0    0    0    0    0    3   11    0    2    0    0    0    2    0    0    0    1    0    0    3    0    0    0    2    4    0    0    2    0    0    0    0    0    0    0    0    0    0    0    0    0    0    0    0    0    0    0 |    i = RP
    1    0    0    0    0   95    0    0   21  850    0   16    0  119    0   17    2   81    2    0    7    0   18    0    0    0    0    0    0    0    3    0    0    0    0    0    0    0    0    0    0    0    0    0    0    3    0    0    0    0    0    0    5    0    0    0    0    0    0    0    0    0    0    0    0    0    0    0    0    0    0    0    0    0    0    0 |    j = RV
    3    0    0    0    1    0    0    0    1    0  234    0    0    1    0    0    0    1    0    0    0    3    0    0    0   10    0    0    0    0    0    0    0    2    0    0    0    0    0    0    0    0    0    0    9    0    0    0    0    0    0    0    0    0    0    0    0    0    0    0    0    0    0    0    0    0    0    0    0    0    0    0    0    0    0    0 |    k = MV
    0    1    0    0    0   18    2    0    8    0    0  505    0    0    0    1    0    0    0    0    2    0    0    0    0    0    0    0    0    0    0    6    0    0    0    0    0    0    0    0    0    1    0    0    0    0    0    0    0    0    0    0    0    0    1    0    0    0    0    0    0    0    0    0    0    0    0    0    0    0    0    0    0    0    0    0 |    l = W
    1    0    0    0    0    4    0    0    0    1    0   25    3    2    0    0    0    2    0    0    0    0    0    0    0    0    0    1    3    0    0    0    0    0    0    2    0    0    0    0    0    1    0    0    0    0    0    0    1    0    0    0    0    0    0    0    0    0    0    0    0    0    0    0    0    0    0    0    0    0    0    0    0    0    0    0 |    m = X
    3    0    1    0    0    8    0    2   57   50    0    1    0 1268    0    1    5    5   10    0    0    0   58    0   10    0    2    2    0    0   10    0    0    0   13   15    0    0    0    0    0    0    0    0    0    2    1    0    0    1    1    0    4    0    0    0    3    0    0    0    0    0    0    0    0    0    0    0    0    0    0    0    0    0    0    0 |    n = S
    0    0    0    0    0    0    0    0    0    0    0    0    0    0    0    0    0   50    0    0    0    0    0    0    0    0    0    0    0    0    0    0    0    0    0    0    0    0    0    0    0    0    0    0    0    0    0    0    0    0    0    0    0    0    0    0    0    0    0    0    0    0    0    0    0    0    0    0    0    0    0    0    0    0    0    0 |    o = CE
    0    0    0    0    0   37    0    0    4   19    0    2    1   15    0  514    7    1    0    0    3    0    2    0    1    0    5    0    0    0    5    0    0    0    0    0    0    0    0    0    0    0    0    0    0    0    0    0    0    0    0    0    6    0    0    0    0    0    0    0    0    0    0    0    0    0    0    0    0    0    0    0    0    0    0    0 |    p = FV
    0    0    0    0    0    3    0    1    1    5    0    0    0   14    0    5  285    0    0    0    0    0    1    0   19    0    0    0    0    0    0    0    0    0    0    0    0    0    0    0    0    0    0    0    0    0    0    0    0    0    0    0    1    1    0    0    0    0    0    0    0    0    0    0    0    0    0    0    0    0    0    0    0    0    0    0 |    q = AGV
    5    2   36    0    0   13    2    2   41   16    1   71    0   29    0    4    0  523    6    0    3    0    4    0    0    0    0    9   21    0    1    0    0    0    4   22    0    0    0    0    0    4    0    0    0   13    0    0   10    0    0    0    3    1    0    0    0    2    0    0    1    0    0    0    0    0    0    0    0    0    0    0    0    0    0    0 |    r = R
    1    0    0    0    0    0    0    0    4    8    0    6    0   70    0    0    0   60  170    0    3    0    0    0    0    0    0    0    0    0   10    0    0    0    2    2    0    0    0    0    0    0    0    2    0    1    0    0    0    0    0    0    7    0    0    0    1    0    1    1    0    0    0    0    0    0    0    0    0    0    0    0    0    0    0    0 |    s = RJ
    0    0    0    0    0    0    0    0   11    0    0    1    0    0    0    0    0    0    0  526    0    0    0    0    0    0    0    0    0    0    2    0    0    0    0    1    0    0    0    6    1    0    0    0    0    0    0    0    0    0    0    0    0    0    0    6    0    0    0    0    0    0    0    1    0    2    0    0    0    0    0    0    0    0    0    0 |    t = UD
    1    0    0    0    1    3    0    1   25    0    0    1    0   11    0    0    0    3    1    0  517    0    2    0    0    0    0    1    0    0    0    2    0    0    0    1    0    0    0    6    1    0    0    0    0    0    0    0    0    0    0    0    3    0    0    0    0    0    0    0    1    0    0    0    0    0    0    0    0    0    0    0    0    0    0    0 |    u = UP
    2    0    0    0    0    0    1    0    5    0    4    0    0    0    0    0    0    0    0    0    0  473    0    0    0    3    0    0    0    0    0    0    0    0    0    0    0    0    0    0    0    0    0    0    5    0    0    0    0    0    0    0    0    0    0    0    0    0    0    0    0    0    0    0    0    0    0    0    0    0    0    0    0    0    0    0 |    v = MT
    2    0    0    0    0    1    2    6   27    9    0    4    0  279    0    5    0  103    0    0    6    0  286    0    6    0    0    0    0    0    0    0    0    0    0    0    0    0    0    0    0    0    0    0    0    0    1    0    0    0    1    0   11    0    0    0    2    0    3    0    0    0    0    0    0    0    0    0    0    0    0    0    0    0    0    0 |    w = RN
    0    0    0    0    0    0    1    0    0    0    0    0    0    0    0    0    0    0    0    0    0    0    0   36    0    1    0    0    0    0    0    0    0    1    0    0    0    0    0    0    0    0    0    0    2    0    0    0    0    0    0    0    0    0    0    0    0    0    0    0    0    0    0    0    0    0    0    0    0    0    0    0    0    0    0    0 |    x = MQ
    0    0    0    0    0    1    0   48    9    0    0    2    0   70    0    0    2    0    1    1    1    0    6    0  172    0    0    0    0    0    0    0    0    0    0    0    0    0    0    0    0    0    0    0    0    0    0    0    0    0    5    0    2    0    0    0    0    0    1    0    0    0    0    0    0    0    0    0    0    0    0    0    0    0    0    0 |    y = FN
    0    0    0    0    0    1    0    0    2    3    0    2    0    4    0    0    0    3    0    0    0    0    0    0    0  232    0    0    0    0    0    0    0    0    0    3    0    0    0    0    0    0    1    0    1    0    0    0    0    0    0    0    0    0    0    0    0    0    0    0    0    0    0    0    0    0    0    0    0    0    0    0    0    0    0    0 |    z = M
    0    0    0    0    0   13    0    0    2   12    0    0    0   15    0   12    1    0    0    0    0    0    1    0    0    0   74    0    0    0    1    0    0    0    0    0    0    0    0    0    0    0    0    0    0    0    0    0    0    0    0    0    0    0    0    0    0    0    1    0    0    0    0    0    0    0    0    0    0    0    0    0    0    0    0    0 |   aa = IV
    3    0    0    0    0    0    0    0   15    0    0    0    0   16    0    0    0   15    0    0    1    0    0    0    0    0    0  229    3    1    0    0    0    0    0    2    0    2    2    0    0    0    0    0    0    1    0    0    0    0    0    0    0   13    0    0    0    1    0    0    0    0    0    0    0    0    0    2    0    0    0    0    0    0    0    0 |   ab = RA
    0    0    0    0    0    0    0    0    5    0    0    0    3    2    0    0    0    8    0    0    0    0    0    0    0    0    0    3  261    0    0    0    0    0    0    0    0    1    4    0    0    0    0    0    0    0    0    0    0    0    0    0    0    0    0    0    0    0    0    0    0    0    1    0    0    0    0    0    0    0    0    1    0    0    0    0 |   ac = RD
    0    0    0    0    0    0    0    0    0    0    0    0    0    1    0    0    0    1    0    0    0    0    0    0    0    0    0    0    0   11    0    0    0    0    0    0    0    0    0    0    0    4    0    0    0    0    0    0    0    0    0    0    0    0    0    0    0    1    0    0    0    0    0    0    0    0    0    0    0    0    0    0    0    0    0    0 |   ad = AGQ
    2    0    0    0    0    6    0    0    9    3    0    1    0   67    0    6    0    6   17    0    0    0    0    0    0    0    0    0    0    0   91    0    0    0    1    0    0    0    0    0    0    0    0    0    0    1    0    0    0    0    0    0    1    0    0    0    0    0    0    0    0    0    0    0    0    0    0    0    0    0    0    0    0    0    0    0 |   ae = DJ
    0    0    0    0    0    0    0    0    3    1    0    0    0    0    0    0    0    0    0    0    0    0    0    0    0    0    0    0    0    0    0  101    1    0    0    0    0    0    0    3    0    0    0    0    0    0    0    0    0    0    0    0    0    0    0    0    0    0    0    0    0    0    0    0    0    0    0    0    0    0    0    0    0    0    0    0 |   af = U
    0    0    0    0    0    1    0    0    1    2    0    0    0    0    0    0    0    0    0    0    2    0    0    0    0    0    0    3    0    0    0    9  138    0    0    0    0    0    0    8    0    0    0    0    0    0    0    0    0    0    0    0    0    0    0    0    0    0    0    0    0    0    0    1    0    0    0    0    0    0    0    0    0    0    0    0 |   ag = UV
    0    0    0    0    0    0    0    0    0    0    0    0    0    0    0    0    0    0    0    0    0    0    0    0    0    0    0    0    0    0    0    0    0   17    0    0    0    0    0    0    0    0    1    0    3    0    0    0    0    0    0    0    0    0    0    0    0    0    0    0    0    0    0    0    0    0    0    0    0    0    0    0    0    0    0    0 |   ah = MJ
    0    1    0    0    0    0    0    0    8    0    0    2    0   41    0    0    0    3    0    0    0    0    0    0    0    0    0    0    0    0    2    0    0    0   82   19    0    0    0    0    0    0    0    0    0    0    0    0    0    0    0    0    0    0    0    0    0    0    0    0    0    0    0    0    0    0    0    0    0    0    0    0    0    0    0    0 |   ai = DY
    0    1   11    0    0    0    0    0   14    0    0    7    0   35    0    0    0   49    1    0    1    0    0    0    0    0    0    0    0    0    1    0    0    0   12  178    0    0    0    0    0    0    0    0    0    4    0    0    2    0    0    0    0    0    0    0    0    0    1    0    0    3    0    0    0    0    0    0    0    0    0    0    0    0    0    0 |   aj = RY
    0    0    0    8    0    0    0    0    5    0    0    0    0    0    0    0    0    1    0    0    0    0    0    0    0    0    0    0    0    0    0    1    0    0    0    0   43    0    0    2    2    0    0    0    0    0    0    0    0    0    0    0    0    0    0    0    0    0    0    0    0    0    0    0    0    0    0    0    0    0    0    0    0    0    0    0 |   ak = UC
    0    0    0    0    0    0    0    0    4    0    0    0    0    2    0    0    0    0    0    0    0    0    0    0    0    0    0    0    0    0    0    0    0    0    0    0    0   76    1    0    0    1    0    0    0    0    0    0    0    0    0    0    0    0    0    0    0    0    0    0    0    0    0    0    0    0    0    0    0    0    0    0    0    0    0    0 |   al = DA
    0    0    0    0    0    0    0    0    0    0    0    0    0    0    0    0    0    0    0    0    0    0    0    0    0    0    0    0    6    0    0    0    0    0    0    0    0    0   39    0    0    0    0    0    0    0    0    0    0    0    0    0    0    0    0    0    0    0    0    0    0    0    0    0    0    0    0    0    0    0    0    0    0    0    0    0 |   am = AGD
    0    0    0    0    0    0    0    0    1    0    0    0    0    0    0    0    0    0    0    0    0    0    0    0    0    0    0    0    0    0    0    5    3    0    0    0    0    0    0   83    5    0    0    0    0    0    0    0    0    0    0    0    0    0    0    0    0    0    0    0    0    0    0    0    0    0    0    0    0    0    0    0    0    0    0    0 |   an = UN
    0    0    1    9    0    1    0    0    3    0    0    0    0    0    0    0    0    0    0    1    0    0    0    0    0    0    0    0    0    0    0    9    0    0    0    0    3    0    0   21   62    0    0    0    0    0    0    0    0    0    0    0    0    0    0    0    0    0    0    0    0    0    0    3    0    1    0    0    0    0    0    0    0    0    0    0 |   ao = UY
    0    0    0    0    0    0    0    0    0    0    0    1    1    0    0    0    0    3    1    0    0    0    0    0    0    0    0    4    5    8    0    0    0    0    0    0    0    0    0    0    0   32    0    0    0    0    0    0    0    0    0    0    0    0    0    0    0    3    1    0    0    0    0    0    0    0    0    0    0    0    0    0    0    0    0    0 |   ap = RQ
    1    0    0    0    5    0    0    0    0    1    1    0    0    0    0    0    0    0    0    0    0    7    0    0    0    2    0    0    0    0    0    0    0    1    0    0    0    0    0    0    0    0   71    0   10    0    0    2    0    0    0    0    0    0    0    0    0    0    0    0    0    0    0    0    0    0    0    0    0    0    0    0    0    0    0    0 |   aq = MY
    0    0    0    0    0    0    0    0    0    0    0    2    0    4    0    0    0    0    4    0    0    0    0    0    0    0    0    0    0    0    5    0    0    0    0    0    0    0    0    0    0    0    0   14    0    0    0    0    0    0    0    0    0    0    0    0    0    0    0    0    0    0    0    0    0    0    0    0    0    0    0    0    0    0    0    0 |   ar = FJ
    2    0    0    0    2    0    0    0    0    0    0    0    0    0    0    0    0    0    0    0    0    1    0    0    0    4    0    0    0    0    0    0    0    0    0    0    0    0    0    0    0    0    1    0   80    0    0    0    0    0    0    0    0    0    0    0    0    0    0    0    0    0    0    0    0    0    0    0    0    0    0    0    0    0    0    0 |   as = MN
    1    0    5    0    0    0    0    0   11   23    0    0    0   43    0    0    0   30    1    0    2    0    6    0    0    0    0    3    4    0    6    0    0    0    0    9    0    0    0    0    0    0    0    0    0  125    1    0    1    0    0    0    4    0    0    0    0    0    0    0    0    0    0    0    0    0    0    0    0    0    0    0    0    0    0    0 |   at = SX
    0    0    0    0    0    2    0    0    2    6    0    0    0   14    0    0    0    5    1    0    0    0    1    0    0    0    0    0    0    0    1    0    0    0    0    0    0    0    0    0    0    0    0    0    0    1    5    0    0    0    0    0    0    0    0    0    0    0    0    0    0    0    0    0    0    0    0    0    0    0    0    0    0    0    0    0 |   au = DV
    1    0    0    0   12    0    0    0    0    0    0    0    0    0    0    0    0    0    0    0    0    9    0    0    0    0    0    0    0    0    0    0    0    0    0    0    0    0    0    0    0    0    5    0    1    0    0  106    0    0    0    0    0    0    0    0    0    0    0    0    0    0    0    0    0    0    0    0    0    0    0    0    0    0    0    0 |   av = MC
    0    0    3    0    0    0    0    0    4    0    0    1    0    2    0    0    0   14    0    0    0    0    0    0    0    0    0    1    0    0    0    0    0    0    0    2    0    0    0    0    0    0    0    0    0    2    0    0   50    0    0    0    0    0    0    0    0    0    0    0    0    0    0    0    0    0    0    0    0    0    0    0    0    0    0    0 |   aw = RC
    0    0    0    0    0    0    0    5    2    0    0    0    0   18    0    0    0    0    0    0    0    0    0    0    1    0    0    0    0    0    0    0    0    0    0    0    0    0    0    0    0    0    0    0    0    0    0    0    0   24    0    0    4    0    0    0    0    0    1    0    0    0    0    0    0    0    0    0    0    0    0    0    0    0    0    0 |   ax = IN
    0    0    0    0    0    0    0    0    4    0    0    2    0   21    0    0    1    0    0    0    0    0    0    0   16    0    0    0    0    0    0    0    0    0    0    0    0    0    0    0    0    0    0    0    0    0    0    0    0    1   36    0    2    0    0    0    0    0    0    0    0    0    0    0    0    0    0    0    0    0    0    0    0    0    0    0 |   ay = CN
    0    0    0    0    0    0    0    0    0    0    0    0    0    1    0    0    0    0    0    0    0    0    0    0    0    0    0    0    0    0    0    0    0    0    0    0    0    0    0    0    0    0    0    0    0    0    0    0    0    0    0    7    0    0    0    0    0    0    0    0    0    0    0    0    0    0    0    0    0    0    0    0    0    0    0    0 |   az = IQ
    1    0    0    0    0    7    1    2   19   12    0    7    0   56    0   10    0   24    1    0    6    0   13    0    3    0    0    0    0    0    0    0    0    0    0    0    0    0    0    0    0    0    0    0    0    0    0    0    0    1    0    0   49    0    0    0    1    0    0    0    0    0    0    0    0    0    0    0    0    0    0    0    0    0    0    0 |   ba = DN
    0    0    0    0    0    0    0    0    5    0    0    0    0    2    0    0    0    1    0    0    0    0    0    0    0    0    0   17    2    0    0    0    0    0    0    0    0    0    3    0    0    0    0    0    0    0    0    0    0    0    0    0    0   42    0    0    0    0    0    0    0    0    0    0    0    0    0    0    0    0    0    0    0    0    0    0 |   bb = AGA
    0    0    0    0    0    3    0    0    0    0    0   96    0    0    0    0    0    3    0    0    0    0    0    0    0    0    0    0    0    0    0    0    0    0    0    0    0    0    0    0    0    0    0    0    0    0    0    0    0    0    0    0    0    0    0    0    0    0    0    0    0    0    0    0    0    0    0    0    0    0    0    0    0    0    0    0 |   bc = AS
    0    0    0    0    0    1    0    0    1    0    0    0    0    0    0    1    0    2    0    3    0    0    0    0    0    0    0    0    0    0    0    0    0    0    0    0    6    0    0   13    0    0    0    0    0    0    0    0    0    0    0    0    0    0    0  114    0    0    0    0    0    0    0    2    0    0    0    0    0    0    0    0    0    0    0    0 |   bd = UA
    0    0    0    0    0    2    0    1    3    0    0    2    0   10    0    0    0    0    1    0    1    0    0    0    0    0    0    0    0    0    0    0    0    0    0    0    0    0    0    0    0    0    0    0    0    0    0    0    0    0    0    0    0    0    0    0   79    0    0    0    0    0    0    0    0    0    0    0    0    0    0    0    0    0    0    0 |   be = SA
    0    0    0    0    0    0    0    0    0    0    0    0    0    1    0    0    0    0    0    0    0    0    0    0    0    0    0    0    0    1    0    0    0    0    0    0    0    0    0    0    0    3    0    0    0    0    0    0    0    0    0    0    0    0    0    0    0    6    1    0    0    0    0    0    0    0    0    0    0    0    0    0    0    0    0    0 |   bf = CQ
    0    0    4    0    0    1    0    1    1    1    0    5    0    7    0    0    0    7    1    0    3    0    3    0    0    0    1    0    0    0    0    0    0    0    0    2    0    0    0    0    0    1    0    0    0    0    0    0    0    0    0    0    0    0    0    0    0    0   19    0    0    0    0    0    0    0    0    0    0    0    0    0    0    0    0    0 |   bg = L
    0    0    0    0    0    0    0    1    4    1    0    3    0   10    0    0    0    0    1    0    0    0    0    0    4    0    0    0    0    0    0    0    0    0    0    0    0    0    0    0    0    0    0    1    0    0    0    0    0    0    0    0    0    0    0    0    0    0    0   18    0    0    0    0    0    0    0    0    0    0    0    0    0    0    0    0 |   bh = IJ
    0    0    0    0    0    0    0    0    0    0    0    0    0    0    0    0    0    1    0    0    2    0    0    0    0    0    0    0    0    0    0    0    0    0    0    0    0    1    0    0    0    0    0    0    0    0    0    0    0    0    0    0    0    0    0    0    0    0    0    0   20    0    0    0    0    0    0    0    0    0    0    0    0    0    0    0 |   bi = DD
    0    0    0    0    0    0    0    0    1    0    0    0    0    1    0    0    0    0    0    0    0    0    0    0    0    0    0    0    0    0    1    0    0    0    3    4    0    0    0    0    0    0    0    0    0    0    0    0    0    0    0    0    0    0    0    0    0    0    0    0    0    7    0    0    0    0    0    0    0    0    0    0    0    0    0    0 |   bj = FY
    0    0    0    0    0    0    0    0    0    0    0    0    0    0    0    0    0    0    0    0    0    0    0    0    0    0    0    0    3    0    0    0    0    0    0    0    0    0    0    0    0    0    0    0    0    0    0    0    0    0    0    0    0    0    0    0    0    0    0    0    0    0   35    0    0    0    0    0    0    0    0    0    0    0    0    0 |   bk = FD
    0    0    0    0    0    0    0    0    0    0    0    0    0    0    0    0    0    0    0    0    0    0    0    0    0    0    0    0    0    0    0    1    1    0    0    0    0    0    0    6    3    0    0    0    0    0    0    0    0    0    0    0    0    0    0    0    0    0    0    0    0    0    0   25    0    0    0    0    0    0    0    0    0    0    0    0 |   bl = UJ
    0    0    0    0    0    1    0    0    1    1    0    1    0    0    0    0    0    0    0    0    0    0    0    0    0    0    0    0    0    0    0    0    0    0    0    1    0    0    0    0    0    0    0    0    0    0    0    0    0    0    0    0    1    0    0    0    0    0    0    0    0    0    0    0    4    0    0    0    0    0    0    0    0    0    0    0 |   bm = CL
    0    0    0    0    0    0    0    0    0    0    0    0    0    0    0    0    0    0    0    5    0    0    0    0    0    0    0    0    0    0    0    0    0    0    0    0    0    0    0    2    2    0    0    0    0    0    0    0    0    0    0    0    0    0    0    0    0    0    0    0    0    0    0    0    0   24    0    0    0    0    0    0    0    0    0    0 |   bn = UQ
    0    2    1    0    0    0    0    0    0    1    0    1    0    0    0    0    0    1    0    0    0    0    0    0    0    0    0    0    0    0    0    0    0    0    0    0    0    0    0    0    0    0    0    0    0    0    0    0    0    0    0    0    0    0    0    0    0    0    0    0    0    0    0    0    0    0    0    0    0    0    0    0    0    0    0    0 |   bo = DT
    0    0    0    0    0    0    0    0    0    0    0    0    0    2    0    0    0    0    0    0    0    0    0    0    0    0    0    5    0    0    0    0    0    0    0    0    0    0    1    0    0    0    0    0    0    0    0    0    0    0    0    0    1    0    0    0    0    0    0    0    0    0    0    0    0    0    0    0    0    0    0    0    0    0    0    0 |   bp = FA
    0    0    0    0    0    0    0    0    0    0    0    1    0    0    0    0    0    0    0    0    0    0    0    0    0    0    0    0    0    0    0    0    0    0    0    0    0    0    0    0    0    0    0    0    0    0    0    0    0    0    0    0    0    0    0    0    0    0    0    0    0    0    0    0    0    0    0    0    0    0    0    0    0    0    0    0 |   bq = IY
    0    0    0    0    0    0    0    0    2    0    0    0    0    2    0    0    0    0    0    0    0    0    0    0    0    0    0    0    0    0    0    0    0    0    0    0    0    0    0    0    0    0    0    0    0    0    0    0    0    0    0    0    0    0    0    0    0    0    0    0    0    0    0    0    0    0    0    0    0    2    0    0    0    0    0    0 |   br = IA
    0    0    0    0    0    0    0    0    0    0    0    0    0    0    0    0    0    0    0    0    1    0    0    0    0    0    0    0    1    0    0    0    0    0    0    0    0    0    0    0    0    1    0    0    0    0    0    0    0    0    0    0    0    0    0    0    0    0    1    0    0    0    0    0    0    0    0    0    0    0    0    0    0    0    0    0 |   bs = DQ
    0    0    0    0    0    0    0    0    0    0    0    0    0    0    0    0    0    0    0    0    0    0    0    0    0    0    0    0    1    0    0    0    0    0    0    0    0    0    1    0    0    0    0    0    0    0    0    0    0    0    0    0    0    0    0    0    0    0    0    0    0    0    0    0    0    0    0    0    0    0    0    0    0    0    0    0 |   bt = CD
    0    0    0    0    0    0    0    0    0    0    0    0    0    0    0    0    0    0    0    0    0    0    0    0    0    0    0    0    0    0    0    0    0    0    0    0    0    0    0    0    0    0    0    0    0    0    0    0    0    0    0    0    0    0    0    0    0    0    0    0    0    0    0    0    0    0    0    0    0    0    0    0    0    0    0    0 |   bu = AG
    0    0    0    0    0    0    0    0    0    0    0    0    0    0    0    0    0    0    0    0    0    0    0    0    0    0    0    0    0    0    0    0    0    0    0    0    0    0    0    0    0    0    0    0    0    0    0    0    0    0    0    2    0    0    0    0    0    0    0    0    0    0    0    0    0    0    0    0    0    0    0    0    0    0    0    0 |   bv = DI
    0    0    0    0    0    0    0    0    0    0    0    0    0    0    0    0    0    0    0    0    0    0    0    0    0    0    0    0    0    0    0    0    0    0    0    0    0    0    0    0    0    0    0    0    0    0    0    0    0    0    0    0    0    0    0    0    0    0    0    0    0    0    0    0    0    0    0    0    0    0    0    0    0    0    0    0 |   bw = FQ
    0    0    0    0    0    0    0    0    0    0    0    0    0    0    0    0    0    0    0    0    0    0    0    0    0    0    0    0    0    0    0    0    0    0    0    0    0    0    0    0    0    0    0    0    0    0    0    0    0    0    0    0    0    0    0    0    0    0    0    0    0    0    0    0    0    0    0    0    0    0    0    0    0    0    0    0 |   bx = preserved

