
DATA 1==========================================

Correctly Classified Instances       10574               52.9097 %
Incorrectly Classified Instances      9411               47.0903 %
Kappa statistic                          0.4949
Mean absolute error                      0.0336
Root mean squared error                  0.1834
Relative absolute error                 50.2788 %
Root relative squared error            100.281  %
Total Number of Instances            19985     

=== Detailed Accuracy By Class ===

                 TP Rate  FP Rate  Precision  Recall   F-Measure  MCC      ROC Area  PRC Area  Class
                 0.600    0.053    0.560      0.600    0.579      0.530    0.773     0.376     Vt
                 0.470    0.005    0.543      0.470    0.504      0.499    0.732     0.262     Vm
                 0.224    0.004    0.415      0.224    0.291      0.298    0.610     0.104     V0
                 0.189    0.018    0.306      0.189    0.234      0.216    0.585     0.091     Vform
                 0.552    0.017    0.600      0.552    0.575      0.557    0.767     0.352     SVA
                 0.770    0.044    0.597      0.770    0.673      0.648    0.863     0.478     ArtOrDet
                 0.763    0.043    0.687      0.763    0.723      0.688    0.860     0.550     Nn
                 0.293    0.004    0.383      0.293    0.332      0.331    0.645     0.118     Npos
                 0.040    0.001    0.129      0.040    0.061      0.069    0.519     0.010     Pform
                 0.501    0.014    0.520      0.501    0.510      0.496    0.743     0.275     Pref
                 0.411    0.031    0.457      0.411    0.433      0.400    0.690     0.223     Wcip
                 0.065    0.000    0.333      0.065    0.108      0.146    0.532     0.023     Wa
                 0.488    0.032    0.517      0.488    0.502      0.469    0.728     0.286     Wform
                 0.330    0.004    0.629      0.330    0.433      0.448    0.663     0.220     Wtone
                 0.478    0.026    0.375      0.478    0.421      0.403    0.726     0.196     Srun
                 0.000    0.000    0.000      0.000    0.000      -0.001   0.500     0.002     Smod
                 0.030    0.003    0.122      0.030    0.048      0.053    0.513     0.018     Spar
                 0.000    0.001    0.000      0.000    0.000      -0.002   0.500     0.008     Sfrag
                 0.091    0.004    0.248      0.091    0.133      0.143    0.544     0.035     Ssub
                 0.378    0.026    0.236      0.378    0.290      0.280    0.676     0.102     WOinc
                 0.141    0.003    0.306      0.141    0.193      0.202    0.569     0.052     WOadv
                 0.399    0.021    0.454      0.399    0.425      0.402    0.689     0.206     Trans
                 0.527    0.046    0.537      0.527    0.532      0.485    0.740     0.327     Mec
                 0.767    0.043    0.596      0.767    0.671      0.646    0.862     0.475     Rloc
                 0.302    0.002    0.662      0.302    0.415      0.442    0.650     0.210     Cit
                 0.354    0.037    0.301      0.354    0.325      0.293    0.658     0.134     Others
                 0.799    0.020    0.639      0.799    0.710      0.701    0.890     0.519     Um
                 0.000    0.000    0.000      0.000    0.000      0.000    ?         ?         Waln
Weighted Avg.    0.529    0.032    0.512      0.529    0.513      0.487    0.749     0.321     

=== Confusion Matrix ===

    a    b    c    d    e    f    g    h    i    j    k    l    m    n    o    p    q    r    s    t    u    v    w    x    y    z   aa   ab   <-- classified as
 1208   46   14  129  129   40   59    4    0    7   64    0   66    2   15    0    5    1    1   30   12   22   33   67    3   51    6    0 |    a = Vt
   71  126    4    5    6    2    2    1    0    2    1    0    7    1    3    0    3    0    1    7    6    2    2    5    0    7    4    0 |    b = Vm
   39    4   61    9    3   19    3    0    0    1   30    0    3    1    7    0    4    1    4   10    3   21   12    3    0   30    4    0 |    c = V0
  270   11    7  154   65   15   29    1    0    4   43    0   76    2    8    0   14    0    4    4    3    9   28   34    0   30    3    0 |    d = Vform
  122    2    5   26  493   29   77    1    0    4   14    0   17    0    5    1    4    0    5    2    1    6   11   44    0   19    5    0 |    e = SVA
   15    1    1    5    5 1197   28    7    1   28   20    1    7    1   24    0    2    0    3   28    1   22   38   36    0   61   22    0 |    f = ArtOrDet
   21    1    0   12   22   51 1687   15    0    7   28    1   99    1   10    0    4    0    0    6    1    7  146   64    3   20    6    0 |    g = Nn
    1    0    0    1    0   12   23   46    0    6    3    0    7    2    1    0    1    0    0    8    0    0   27   13    0    4    2    0 |    h = Npos
    1    0    0    0    0    9    4    0    4   49    5    0    0    1    1    0    0    0    8    1    0    5    5    6    1    1    0    0 |    i = Pform
   10    2    1    1    1   51   26    6   11  291    9    1    6   13    4    0    4    0    4   14    0   11   34   24    5   46    6    0 |    j = Pref
   76    4    6   28   21   60   65    1    0   17  486    0   93    8   25    0    3    3    9   22    9   38   52   49    3   88   17    0 |    k = Wcip
    1    0    0    0    0    3    0    0    0    0    2    2    2    1    0    0    0    0    0    1    0    0    7    4    1    7    0    0 |    l = Wa
   58    2    2   57   19   25  193    2    0   13   70    0  634    4    4    0    5    0    2    9    6   28   87   46    1   28    3    0 |    m = Wform
   12    5    0    3    1   12   13    2    1   12   21    0   15  122   13    0    0    0    0   38    0    7   14   48    1    8   22    0 |    n = Wtone
   15    0    4    3    4   21   15    0    0    6   12    0    6    6  299    0    1    0    4   45    5   46   59   10    2   30   32    0 |    o = Srun
    0    1    0    1    1    0    0    0    0    0    2    0    0    0    1    0    0    0    0    8    0    2    2    7    0    4    2    0 |    p = Smod
   30    2    4   34    9   20   13    0    1    9   14    0   12    2   16    0    9    1    0   22    1   23   14   18    1   33   13    0 |    q = Spar
    8    1    2    0    2    4    2    1    0    0    5    0    0    0   20    0    0    0    0   30    3    3   13   15    0   20   37    0 |    r = Sfrag
   18    0   12    2    1    7    2    0    4    5   10    0    2    1   49    0    3    1   25   31    0   30   14    8    0   33   17    0 |    s = Ssub
   18    3    2    2    0   17    0    0    0    1   14    0    3    0   39    0    0    0    3  155    7    6    4   19    0   40   77    0 |    t = WOinc
   28    3    1    2    0    6    7    0    0    0   10    0   11    0   18    1    0    0    1   50   30    1    3    6    0   22   13    0 |    u = WOadv
   24    3    3    8    9   42    6    0    2   12   64    0   16    7   57    1    3    1   13   16    2  337   91   50    0   66   11    0 |    v = Trans
   26    4    3    9   11   61  145   24    6   40   77    0  116    6   77    1    4    1    4   31    2   56  971   99    6   39   24    0 |    w = Mec
   22    6    0    2   12  153   23    5    0   15    9    0    4    9    3    0    2    0    0    2    0    3   67 1173   15    3    1    0 |    x = Rloc
    3    0    0    0    0    5    2    2    0    0    2    0    1    0    9    0    0    1    0   10    0    2   39   95   90   13   24    0 |    y = Cit
   52    5   15    9    6  114   20    2    0   27   45    1   15    4   45    0    3    1    9   55    5   53   25   20    3  307   26    0 |    z = Others
   10    0    0    1    1   29   11    0    1    4    3    0    8    0   44    0    0    1    1   23    1    3   10    5    1   11  667    0 |   aa = Um
    0    0    0    0    0    0    0    0    0    0    0    0    0    0    0    0    0    0    0    0    0    0    0    0    0    0    0    0 |   ab = Waln

    END DATA 1================================

DATA 2=======================================

Correctly Classified Instances        9731               56.7571 %
Incorrectly Classified Instances      7414               43.2429 %
Kappa statistic                          0.5189
Mean absolute error                      0.0309
Root mean squared error                  0.1757
Relative absolute error                 47.2617 %
Root relative squared error             97.2285 %
Total Number of Instances            17145     

=== Detailed Accuracy By Class ===

                 TP Rate  FP Rate  Precision  Recall   F-Measure  MCC      ROC Area  PRC Area  Class
                 0.572    0.035    0.554      0.572    0.563      0.529    0.769     0.347     Vt
                 0.364    0.004    0.480      0.364    0.414      0.413    0.680     0.181     Vm
                 0.114    0.002    0.333      0.114    0.170      0.191    0.556     0.045     V0
                 0.310    0.014    0.454      0.310    0.369      0.356    0.648     0.167     Vform
                 0.567    0.014    0.613      0.567    0.589      0.574    0.777     0.364     SVA
                 0.800    0.059    0.669      0.800    0.729      0.688    0.871     0.561     ArtOrDet
                 0.716    0.034    0.678      0.716    0.697      0.666    0.841     0.512     Nn
                 0.294    0.001    0.595      0.294    0.394      0.416    0.647     0.179     Npos
                 0.188    0.002    0.327      0.188    0.239      0.245    0.593     0.065     Pform
                 0.418    0.008    0.531      0.418    0.468      0.462    0.705     0.234     Pref
                 0.646    0.167    0.408      0.646    0.500      0.402    0.740     0.317     Wcip
                 0.000    0.000    0.000      0.000    0.000      -0.000   0.500     0.001     Wa
                 0.367    0.024    0.448      0.367    0.404      0.377    0.671     0.197     Wform
                 0.143    0.002    0.417      0.143    0.213      0.239    0.570     0.070     Wtone
                 0.520    0.003    0.710      0.520    0.600      0.602    0.758     0.376     Srun
                 0.000    0.000    0.000      0.000    0.000      0.000    0.500     0.001     Smod
                 0.046    0.002    0.263      0.046    0.079      0.106    0.522     0.024     Spar
                 0.036    0.001    0.231      0.036    0.063      0.090    0.518     0.013     Sfrag
                 0.011    0.001    0.040      0.011    0.017      0.018    0.505     0.006     Ssub
                 0.008    0.002    0.067      0.008    0.014      0.018    0.503     0.015     WOinc
                 0.106    0.001    0.464      0.106    0.172      0.219    0.552     0.055     WOadv
                 0.338    0.012    0.483      0.338    0.398      0.388    0.663     0.184     Trans
                 0.491    0.030    0.571      0.491    0.528      0.494    0.730     0.319     Mec
                 0.826    0.046    0.726      0.826    0.773      0.739    0.890     0.622     Rloc
                 0.419    0.002    0.789      0.419    0.547      0.569    0.708     0.341     Cit
                 0.215    0.016    0.330      0.215    0.261      0.246    0.600     0.098     Others
                 0.626    0.001    0.929      0.626    0.748      0.759    0.812     0.589     Um
                 0.000    0.000    0.000      0.000    0.000      0.000    ?         ?         Waln
Weighted Avg.    0.568    0.050    0.557      0.568    0.549      0.515    0.759     0.369     

=== Confusion Matrix ===

    a    b    c    d    e    f    g    h    i    j    k    l    m    n    o    p    q    r    s    t    u    v    w    x    y    z   aa   ab   <-- classified as
  689   37    5   81   65   23   25    2    1    4  141    0   36    2    1    0    2    0    2    1    3    3   18   47    0   16    0    0 |    a = Vt
   57   60    1    1    3    2    1    0    0    0   29    0    1    0    0    0    0    0    0    0    0    2    1    5    0    2    0    0 |    b = Vm
   19    3   16    6    1   16    1    0    0    3   43    0    3    1    1    0    1    0    1    2    0    8    2    1    0   12    0    0 |    c = V0
  133    2    4  198   39    8   20    1    0    0  120    0   55    0    2    0    4    0    1    1    1    4   11   29    0    5    0    0 |    d = Vform
   67    0    2   21  363    7   55    2    3    3   54    0   19    1    1    0    0    0    0    0    0    3    5   26    1    5    2    0 |    e = SVA
    9    0    5    0    3 1776   27    0    2   17  243    0    5    1    1    0    2    0    1    0    0   16   30   46    2   31    3    0 |    f = ArtOrDet
   18    1    0    7   26   79 1122    3    1    5  108    0   55    1    4    0    0    0    0    0    0    4   56   70    1    3    2    0 |    g = Nn
    1    0    0    0    1    4   13   25    1    2   15    0    8    1    0    0    1    0    0    0    0    1    5    4    0    3    0    0 |    h = Npos
    0    0    0    2    3    3    2    0   16   24   21    0    1    0    0    0    0    0    2    0    0    0    5    2    0    4    0    0 |    i = Pform
   10    1    0    1    4   43    7    0   13  146   68    0    4    2    1    0    0    2    2    1    0    6   13   11    0   13    1    0 |    j = Pref
   85    3    5   35   27  180   95    3    4   28 1673    0  116   11    5    0    5    2    7    7    1   49   74  108    1   63    2    0 |    k = Wcip
    0    0    0    1    0    1    1    0    0    0    3    0    2    0    0    0    0    0    0    0    0    1    6    3    1    0    0    0 |    l = Wa
   34    0    0   45   18   18  143    1    0    4  178    1  321    2    0    0    2    0    1    0    4    6   55   33    0    8    1    0 |    m = Wform
   10    0    0    1    0   10    2    0    0    1  100    0   11   30    0    0    1    0    0    2    1    6    8   23    0    4    0    0 |    n = Wtone
    2    0    0    1    1   13    5    0    0    0   49    0    1    0  132    0    1    1    0    2    0   11   30    2    0    3    0    0 |    o = Srun
    0    0    0    1    0    0    0    0    0    0   16    0    0    0    0    0    0    0    0    0    0    0    1    1    0    1    0    0 |    p = Smod
   16    3    1   12    5   21    5    2    0    3   71    0    8    0    1    0   10    0    1    0    0   12    5   16    0   24    0    0 |    q = Spar
    0    0    0    0    1    9    0    0    0    0   33    0    0    0    1    0    0    3    0    0    0    0   21   10    1    3    1    0 |    r = Sfrag
    4    3    1    1    1    4    1    0    2    1   46    0    1    0    0    0    2    1    1    0    0    6    5    2    0    8    0    0 |    s = Ssub
   10    0    0    1    0   19    1    0    0    0  201    0    0    1    1    0    0    0    0    2    1    5    3    8    0    3    0    0 |    t = WOinc
   14    0    2    1    0    9    2    0    0    0   61    0    4    1    1    0    0    0    0    2   13    1    2    4    0    6    0    0 |    u = WOadv
   11    3    0    3    2   36    6    0    0   11  152    0    5    6    7    0    2    0    2    5    0  181   46   33    1   23    0    0 |    v = Trans
   14    3    1    7    7   56   71    3    3   15  244    0   45    6   17    0    1    1    1    0    0   26  638  114   11   12    4    0 |    w = Mec
    7    1    0    5   14  218   29    0    1    1   54    0    7    3    2    0    1    0    0    0    2    4   23 1833   13    0    0    0 |    x = Rloc
    1    0    0    1    0    8    4    0    0    0   40    0    0    1    3    0    0    1    0    1    0    2   33   82  131    5    0    0 |    y = Cit
   22    5    5    4    7   79   13    0    0    6  257    0    6    2    4    0    3    1    3    3    2   17   17    8    1  128    1    0 |    z = Others
   11    0    0    0    1   12    4    0    2    1   83    0    2    0    1    0    0    1    0    1    0    1    4    5    2    3  224    0 |   aa = Um
    0    0    0    0    0    0    0    0    0    0    0    0    0    0    0    0    0    0    0    0    0    0    0    0    0    0    0    0 |   ab = Waln

    END===========================

